 21030033
 21064047
 21066031
 21036025
 21036028
 21039025
 21039029
 21040034
 21062020
 21062021
 21069038
 21170018
 21171031
 21171032
 21171033
 21174049
 21174050
 21176021
 21177019
 21177021
 21177022 
 21177024
 21178007
 21178028
 21181011
 21192018
 21196004
 21203017
 21205020
 21205023
 21206016
 21211004
 21211009
 21036022
 21036025
 21038005
 21038020
 21058020
 21073008
 21036022
 21036025
 21036028 
 21038020
 21038037
 21038043
 21038048
 21038050
 21039005
 21039016
 21039025
 21062020
 21062021
 21069038
 21069040
 21069042
 21171031
 21171032
 21171033
 21172032
 21174049
 21174050
 21176020
 21177019 
 21177020
 21177021
 21177022
 21179018
 21198008
 21203017
 21205020
 21205023
 21211009
 21228020
 21036028
 21038005
 21038006
 21038007
 21039025
 21039029
 21039048
 21058028
 21058029
 21058030
 21062020 
 21203017
 21205020
 21205023
 21211009
 21228020
 21058020
 21073008 
 21030033
 21036017
 21036028
 21038005
 21038007
 21038020
 21038029
 21038032
 21038039
 21039012
 21039025
 21039029
 21039042
 21039048
 21056008
 21060026
 21071003
 21073008
 21073023
 21077003
 21078001 
 21169036
 21171033
 21179026
 21211009
 21220009
 21220024
 21223040
 21228020
 21235035
 21243040
 21245003
 21245004
 21036025
 21036028
 21039025
 21062020
 21073008
 21223040
 21036018
 21036028
 21038020 
 21039025
 21058020
 21062015
 21069006
 21071003
 21072016
 21073008
 21077024
 21169035
 21175009
 21177032
 21178013
 21179001
 21180008
 21186026
 21193009
 21193027
 21194002
 21205002
 21213020
 21218013 
 21038020
 21039025
 21039048
 21060026
 21062015
 21077024
 21078001
 21175009
 21177032
 21179001
 21180008
 21193009
 21223040
 21235015
 21235035
 21237013
 21243040
 21245003
 21245004
 21038029
 21062015 
 21071003
 21077024
 21175009
 21177032
 21179001
 21180008
 21193009
 21228020
 21243040
 21245004
 21036018
 21036028
 21038020
 21039025
 21058020
 21062015
 21069006
 21073008
 21077024
 21175009
 21177032 
 21178013
 21179001
 21186026
 21193009
 21194002
 21223040
 21058020
 21073008
 21058020
 21062015
 21073008
 21175009
 21193027
 21036018
 21038020
 21038039
 21039025
 21058020
 21062015
 21069006
 21071003 
 21073008
 21077024
 21171031
 21171032
 21171033
 21175009
 21177032
 21178013
 21179001
 21180008
 21186026
 21193009
 21193027
 21194002
 21218007
 21220009
 21223040
 21193027

