18153052
18153054
18153055
18153058
18153059
18153060
18153061
18153063
18153064
18154004
18154005
18154006
18154007
18154008
18154009
18154038
18154039
18154040
18154041
18154042
18154043
18154044
18154045
18154049
18154050
18154051
18154052
18154053
18154054
18154057
18154058
18154059
18154060
18154061
18154063
18154064
18154065
18154066
18155002
18155003
18155004
18155005
18155006
18155007
18155012
18155013
18155014
18155015
18155016
18155017
18155022
18155023
18155024
18155025
18155026
18155029
18155031
18155032
18155033
18155034
18155035
18155036
18155038
18155039
18155040
18155041
18155042
18155045
18155046
18155048
18155049
18156001
18156002
18156003
18156004
18156010
18156011
18156012
18156013
18156014
18156018
18156019
18156020
18156021
18156022
18156023
18156024
18156026
18156027
18156028
18156029
18156031
18156032
18156034
18156035
18156046
18156047
18156048
18156049
18156050
18156051
18156052
18156053
18156056
18156057
18156058
18156059
18156060
18157001
18157002
18157004
18157010
18157011
18157012
18157013
18157014
18157016
18157017
18157019
18157024
18157025
18157026
18157027
18157028
18157029
18157031
18157032
18157035
18157053
18163045
18163046
18163047
18164002
18164003
18164004
18164005
18164006
18164007
18164008
18164009
18164011
18164012
18164013
18164014
18164015
18164016
18164017
18164018
18164023
18164024
18164025
18164026
18164027
18164028
18164029
18164035
18164036
18164037
18164038
18164039
18164040
18164041
18164042
18164044
18164045
18164046
18165001
18165002
18165004
18165006
18165009
18165011
18165012
18165013
18165014
18165031
18165032
18165033
18165034
18165035
18165036
18165037
18166003
18166004
18166005
18166006
18166007
18166008
18166009
18166010
18166012
18166013
18166020
18166022
18166023
18166031
18166032
18166033
18166034
18166035
18166036
18166037
18166042
18166043
18166044
18166045
18166046
18166047
18166048
18166049
18166050
18166051
18166052
18166054
18166055
18167001
18167005
18167006
18167007
18167008
18167009
18167010
18167011
18167012
18167014
18167015
18167016
18167017
18167018
18167020
18167027
18167028
18167029
18167030
18167032
18167033
18167035
18167036
18167037
18167038
18167039
18167041
18167042
18167043
18167044
18167045
18167046
18167047
18167048
18167049
18167050
18168002
18168003
18168004
18168005
18168006
18168008
18168009
18168010
18168011
18168013
18168015
18168016
18168017
18168019
18168020
18168021
18168022
18168023
18168024
18168025
18168026
18168027
18168029
18168034
18168035
18168036
18168037
18168040
18168041
18168042
18168044
18168045
18168046
18168048
18168049
18168050
18168051
18168052
18168053
18168054
18168055
18168056
18169004
18169005
18169006
18169008
18169009
18169010
18169011
18169012
18169013
18169014
18169015
18169016
18169017
18169018
18169020
18169021
18169022
18169023
18169024
18169025
18169026
18169027
18169028
18169029
18169030
18169035
18169036
18169037
18169038
18169039
18169041
18169042
18169043
18170003
18170004
18170005
18170006
18170010
18170011
18170012
18170013
18170014
18170015
18170016
18170017
18170018
18170020
18170021
18170022
18170032
18170033
18170034
18170035
18170036
18170037
18170039
18170040
18171002
18171003
18171004
18171005
18171006
18171007
18171008
18171012
18171013
18171015
18171016
18171017
18171018
18171019
18171020
18171031
18171032
18171033
18171035
18171036
18171037
18171038
18171040
18171041
18171042
18171044
18171045
18171046
18171047
18171048
18171049
18172001
18172002
18172005
18172006
18172007
18172008
18172009
18172010
18172011
18172012
18172013
18172014
