18153052
18153053
18153054
18153055
18153058
18153059
18153060
18153061
18153063
18153064
18154004
18154005
18154006
18154007
18154008
18154009
18154037
18154038
18154039
18154040
18154041
18154042
18154043
18154044
18154045
18154049
18154050
18154051
18154052
18154053
18154054
18154055
18154057
18154058
18154059
18154060
18154061
18154063
18154064
18154065
18154066
18155002
18155003
18155004
18155005
18155006
18155007
18155012
18155013
18155014
18155015
18155016
18155017
18155022
18155023
18155024
18155025
18155026
18155029
18155031
18155032
18155033
18155034
18155035
18155036
18155038
18155039
18155040
18155041
18155042
18155045
18155046
18155048
18155049
18156001
18156002
18156003
18156004
18156010
18156011
18156012
18156013
18156014
18156018
18156019
18156020
18156021
18156022
18156023
18156024
18156026
18156027
18156028
18156029
18156031
18156032
18156034
18156035
18156046
18156047
18156048
18156049
18156050
18156051
18156052
18156053
18156056
18156057
18156058
18156059
18156060
18157001
18157002
18157003
18157004
18157010
18157011
18157012
18157013
18157014
18157016
18157017
18157019
18157024
18157025
18157026
18157027
18157028
18157029
18157031
18157032
18157035
18157053
18157056
18157057
18157058
18157059
18157060
18157061
18157065
18157067
18157068
18157069
18157070
18157071
18157072
18157074
18157075
18157076
18157077
18158001
18158002
18158003
18158009
18158010
18158012
18158013
18158014
18158020
18158021
18158115
18158116
18158118
18158120
18158122
18159001
18159007
18159013
18159019
18160006
18160007
18160013
18160014
18160023
18160024
18160025
18160026
18160029
18160032
18160033
18160034
18160035
18160036
18160037
18161002
18161003
18161007
18161010
18161011
18161013
18161014
18161015
18161029
18161032
18161039
