18153052
18153053
18153054
18153055
18153057
18153058
18153059
18153060
18153061
18153063
18153064
18154004
18154005
18154006
18154007
18154008
18154009
18154037
18154038
18154039
18154040
18154041
18154042
18154043
18154044
18154045
18154049
18154050
18154051
18154052
18154053
18154054
18154055
18154057
18154058
18154059
18154060
18154061
18154063
18154064
18154065
18154066
18155002
18155003
18155004
18155005
18155006
18155007
18155012
18155013
18155014
18155015
18155016
18155017
18155022
18155023
18155024
18155025
18156013
18156014
18156018
18156019
18156020
18156021
18156022
18156046
18156047
18156048
18156049
18156050
18156051
18156052
18156056
18156057
18156058
18156059
18156060
18157001
18157010
18157013
18157014
18157016
18157017
18157019
18157024
18157026
18157027
18157028
18157029
18157031
18157035
18157053
18157057
18157058
18157060
18157061
18157065
18157067
18157068
18157069
18157070
18157071
18157072
18157074
18157076
18157077
18158001
18158002
