21030030
21030031
21030033
21034022
21034023
21034024
21034025
21034026
21034027
21034028
21034029
21034030
21036017
21036018
21036022
21036025
21036026
21036027
21036028
21036031
21036032
21036033
21037001
21037003
21037004
21037006
21037007
21037009
21037010
21037011
21037012
21037013
21037014
21037015
21037016
21037017
21037018
21037019
21037025
21037030
21037031
21037047
21037051
21037052
21037053
21037054
21037055
21037056
21037058
21037059
21037063
21038001
21038002
21038004
21038005
21038006
21038007
21038009
21038010
21038011
21038013
21038020
21038021
21038022
21038023
21038028
21038029
21038031
21038032
21038033
21038034
21038035
21038036
21038037
21038038
21038039
21038041
21038042
21038043
21038046
21038047
21038048
21038049
21038050
21039001
21039002
21039003
21039004
21039005
21039006
21039007
21039008
21039009
21039010
21039011
21039012
21039013
21039014
21039015
21039016
21039018
21039020
21039021
21039023
21039024
21039025
21039026
21039027
21039028
21039029
21039032
21039035
21039040
21039041
21039042
21039043
21039044
21039045
21039046
21039047
21039048
21039049
21039050
21040001
21040002
21040003
21040005
21040006
21040007
21040008
21040009
21040010
21040012
21040013
21040014
21040015
21040016
21040017
21040020
21040021
21040022
21040024
21040025
21040027
21040028
21040029
21040031
21040033
21040034
21040035
21040038
21040039
21040040
21040041
21040042
21040043
21041001
21041002
21041003
21041004
21041005
21041006
21041007
21041008
21041010
21041011
21041012
21041013
21055032
21055034
21055035
21055036
21055037
21055038
21055039
21056001
21056002
21056003
21056005
21056006
21056008
21056010
21056011
21056012
21056013
21056014
21056015
21056016
21056017
21056018
21056019
21056020
21056021
21056022
21056023
21056024
21056025
21056026
21056032
21056033
21056034
21056036
21056037
21056038
21056039
21056041
21056042
21056043
21056044
21057001
21057002
21057003
21057004
21057005
21057006
21057007
21057015
21057016
21057017
21057018
21057019
21057020
21057022
21057023
21057024
21057025
21057027
21057028
21057029
21057037
21057038
21057039
21057040
21057041
21058002
21058003
21058004
21058006
21058007
21058008
21058009
21058010
21058011
21058012
21058013
21058014
21058019
21058020
21058025
21058026
21058027
21058028
21058029
21058030
21059039
21059040
21059041
21059042
21059043
21059044
21059045
21059046
21060001
21060003
21060004
21060005
21060006
21060007
21060008
21060009
21060010
21060011
21060012
21060013
21060014
21060015
21060016
21060017
21060018
21060020
21060021
21060022
21060023
21060024
21060025
21060026
21060027
21060028
21060029
21060030
21060031
21060032
21060033
21060034
21060035
21060037
21061001
21061002
21061003
21061004
21061005
21061006
21061007
21061008
21061009
21061010
21061011
21061012
21061019
21061020
21061021
21061022
21061023
21061024
21061025
21061027
21061029
21061030
21061031
21061032
21062001
21062002
21062003
21062004
21062005
21062006
21062007
21062008
21062009
21062010
21062012
21062013
21062015
21062020
21062021
21062022
21062023
21062024
21062025
21062026
21062027
21062031
21062032
21062033
21062034
21062035
21062036
21062037
21063001
21063002
21063003
21063004
21063005
21063006
21063008
21063009
21063010
21063012
21063013
21063014
21063015
21063017
21063018
21063019
21063021
21063022
21063023
21063024
21063025
21063026
21063028
21063029
21063030
21063031
21063032
21063033
21063034
21064001
21064002
21064003
21064004
21064005
21064006
21064008
21064011
21064012
21064013
21064024
21064041
21064042
21064043
21064047
21064048
21064049
21064050
21065002
21065003
21065004
21065005
21065007
21065009
21065011
21065013
21065016
21065017
21065018
21065019
21065020
21065022
21065024
21065026
21065028
21065029
21065030
21065035
21065036
21065038
21065039
21065040
21065041
21065042
21066002
21066003
21066004
21066005
21066006
21066007
21066008
21066009
21066010
21066011
21066012
21066016
21066017
21066018
21066019
21066020
21066022
21066023
21066024
21066025
21066027
21066028
21066029
21066030
21066031
21066033
21066034
21066035
21066036
21066041
21067001
21067002
21067003
21067004
21067005
21067007
21067017
21067018
21067020
21067021
21067022
21067023
21067024
21067025
21067026
21067027
21067028
21067029
21067030
21067031
21067032
21067035
21068001
21068003
21068004
21068005
21068006
21068007
21068008
21068009
21068010
21068011
21068012
21068015
21068017
21068018
21068019
21068020
21068021
21068022
21068023
21068024
21068025
21068026
21068027
21068028
21068029
21068030
21068031
21068032
21068039
21069001
21069003
21069004
21069005
21069006
21069007
21069008
21069009
21069011
21069012
21069013
21069014
21069017
21069019
21069020
21069035
21069036
21069038
21069040
21069042
21069043
21070001
21070002
21070003
21070006
21070007
21070008
21070009
21070010
21070011
21070014
21070015
21070017
21070018
21070019
21070020
21070021
21070025
21070026
21070027
21070028
21070030
21070031
21070032
21070033
21070034
21070035
21071001
21071002
21071003
21071004
21071005
21071006
21071007
21071008
21071009
21071010
21071013
21071014
21071021
21071022
21071026
21071027
21071029
21072004
21072005
21072006
21072007
21072008
21072009
21072016
21072018
21072019
21072020
21072025
21072026
21072027
21072028
21073001
21073002
21073005
21073007
21073008
21073009
21073010
21073011
21073014
21073021
21073022
21073023
21073024
21073025
21073026
21073028
21073030
21073031
21073032
21073034
21073038
21073039
21073041
21073042
21073043
21073044
21073045
21073046
21073053
21073054
21073056
21073057
21074001
21074002
21074003
21074009
21074010
21074012
21074013
21074014
21074015
21074016
21074017
21074018
21074019
21074020
21074021
21074022
21074023
21074024
21074025
21074026
21074027
21074029
21074030
21074031
21074032
21074033
21075002
21075003
21075004
21075005
21075006
21075007
21075008
21075009
21075010
21075012
21075013
21075014
21075015
21075016
21075017
21075018
21075022
21075023
21075026
21075027
21075029
21075032
21075033
21075034
21075035
21075036
21075037
21075038
21075039
21075040
21075041
21076003
21076004
21076005
21076006
21076007
21076008
21076009
21076010
21076011
21076012
21076013
21076014
21076015
21076021
21076022
21076023
21076025
21076026
21076027
21076028
21076029
21076038
21076039
21076040
21077001
21077002
21077003
21077004
21077005
21077006
21077007
21077008
21077009
21077010
21077011
21077012
21077014
21077015
21077016
21077017
21077024
21077026
21077027
21077028
21077029
21077032
21077034
21078001
21078002
21078004
21078006
21078007
21078008
21078009
21078010
21078011
21078012
21078013
21078014
21078015
21078016
21078017
21078018
21078019
21078020
21078022
21078023
21078025
21078027
21078028
21078029
21078030
21078031
21078032
21078033
21078035
21078036
21078037
21078038
21078039
21078040
21078041
21078042
21078043
21078044
21078045
21078046
21079001
21079003
21079004
21079005
21079006
21079007
21079019
21079027
21079028
21079030
21079031
21079032
21079033
21079034
21079035
21079036
21079037
21079038
21079039
21079040
21079041
21079042
21080001
21080002
21080003
21080005
21080006
21080007
21080008
21080010
21080011
21080012
21080015
21080016
21080017
21080018
21080019
21080020
21080021
21080022
21080027
21169035
21169036
21169037
21169038
21169039
21170001
21170002
21170003
21170006
21170007
21170008
21170009
21170010
21170011
21170012
21170013
21170014
21170016
21170017
21170018
21170019
21170020
21170022
21170023
21170024
21170026
21170027
21170029
21170030
21170031
21170033
21170035
21170036
21171001
21171002
21171003
21171004
21171005
21171007
21171008
21171010
21171013
21171016
21171017
21171018
21171024
21171025
21171026
21171027
21171028
21171030
21171031
21171032
21171033
21171034
21171035
21171036
21171037
21171038
21171039
21171040
21171041
21172001
21172002
21172006
21172008
21172009
21172011
21172012
21172013
21172014
21172032
21172033
21172034
21172035
21172036
21172037
21173001
21173003
21173004
21173006
21173008
21173009
21173012
21173014
21173015
21173016
21173017
21173018
21173019
21173020
21173022
21173024
21173025
21173026
21173027
21173028
21173029
21173030
21173031
21173032
21174001
21174002
21174003
21174004
21174005
21174006
21174008
21174009
21174011
21174049
21174050
21174051
21174052
21175003
21175004
21175006
21175007
21175008
21175009
21175023
21175025
21175026
21175030
21175031
21175032
21175033
21175034
21176001
21176002
21176003
21176004
21176005
21176006
21176008
21176009
21176010
21176011
21176012
21176013
21176014
21176015
21176016
21176020
21176021
21176023
21176024
21176025
21176026
21176027
21176028
21176029
21177001
21177002
21177003
21177004
21177005
21177006
21177007
21177008
21177009
21177010
21177011
21177012
21177016
21177017
21177018
21177019
21177020
21177021
21177022
21177024
21177026
21177027
21177028
21177030
21177031
21177032
21178003
21178007
21178008
21178009
21178010
21178012
21178013
21178028
21178029
21178030
21178031
21179001
21179002
21179004
21179005
21179006
21179007
21179008
21179010
21179011
21179012
21179014
21179018
21179019
21179020
21179021
21179022
21179023
21179024
21179026
21179033
21179036
21179037
21179038
21179039
21179040
21180001
21180003
21180004
21180005
21180006
21180007
21180008
21180010
21180012
21180014
21180025
21180026
21180027
21180028
21180029
21180030
21180031
21180033
21181001
21181002
21181004
21181005
21181006
21181008
21181009
21181011
21181012
21181013
21181015
21181016
21181017
21181018
21181019
21181020
21181021
21181022
21181023
21181024
21181025
21181026
21181027
21181028
21181029
21181030
21181031
21181032
21181033
21181034
21181035
21182001
21182002
21182003
21182005
21182006
21182007
21182009
21182011
21182021
21182037
21182038
21182041
21182043
21182045
21182046
21182047
21182048
21182049
21182050
21182052
21183001
21183003
21183004
21183005
21183007
21183013
21183014
21183015
21183017
21183018
21183019
21183020
21183021
21183022
21183023
21183024
21183025
21184010
21184011
21184012
21184013
21184014
21184015
21184025
21184026
21184027
21184028
21184029
21184030
21184032
21184033
21184034
21185001
21185002
21185003
21185004
21185005
21185006
21185007
21185008
21185009
21185010
21185011
21185012
21185013
21185019
21185020
21185021
21185037
21185038
21186009
21186010
21186011
21186012
21186013
21186014
21186015
21186016
21186017
21186018
21186019
21186020
21186021
21186022
21186023
21186024
21186025
21186026
21186027
21186028
21187001
21187002
21187003
21187004
21187005
21187006
21187008
21187009
21187010
21187015
21187016
21187017
21187019
21187020
21187021
21187022
21187023
21187024
21187025
21187026
21187027
21187029
21187030
21187031
21187032
21188001
21188002
21188003
21188004
21188005
21188006
21188007
21188008
21188009
21188010
21188011
21188012
21188013
21188014
21188015
21188016
21188017
21188027
21188028
21188029
21188030
21188031
21188032
21189001
21189002
21189003
21189004
21189005
21189006
21189011
21189012
21189039
21189040
21189041
21190001
21190002
21190003
21190004
21190005
21190006
21190007
21190008
21190009
21190010
21190053
21190054
21190055
21190056
21191001
21191002
21191003
21191004
21191007
21191008
21191009
21191039
21192001
21192002
21192006
21192007
21192008
21192009
21192010
21192011
21192012
21192013
21192014
21192015
21192017
21192018
21192019
21192020
21192022
21192024
21192025
21192026
21193001
21193006
21193007
21193008
21193009
21193010
21193011
21193013
21193014
21193015
21193018
21193019
21193020
21193021
21193022
21193024
21193025
21193026
21193027
21193028
21193029
21193031
21193032
21193033
21194001
21194002
21194024
21194026
21194027
21194028
21194029
21194030
21194031
21194032
21194033
21194034
21194035
21194036
21195001
21195002
21195003
21195004
21195005
21195007
21195008
21195009
21195010
21195014
21195015
21195016
21195017
21195018
21195019
21195020
21195023
21195025
21195026
21195027
21195028
21195029
21195030
21195031
21195032
21195033
21195034
21195035
21196003
21196004
21196005
21196007
21196008
21196009
21196010
21196011
21196012
21196013
21196014
21197003
21197005
21197006
21197007
21197008
21197009
21197010
21197011
21197012
21197013
21198001
21198002
21198003
21198004
21198005
21198006
21198007
21198008
21198009
21198010
21198011
21198012
21198013
21198014
21198015
21198016
21198019
21198020
21198021
21198022
21198023
21198024
21198025
21198026
21198027
21198029
21198030
21198031
21199001
21199002
21199003
21199004
21199005
21199006
21199009
21199010
21199011
21199012
21199013
21199014
21199015
21199017
21199018
21199019
21199020
21199021
21199023
21199024
21199025
21199026
21199027
21199028
21199029
21199030
21200001
21200002
21200003
21200004
21200005
21200006
21200007
21200008
21200009
21200010
21200011
21200012
21200013
21200014
21200017
21200018
21200019
21200020
21203017
21203018
21203019
21204001
21204002
21204003
21204004
21204005
21204006
21204007
21204008
21204009
21204010
21204012
21204013
21205002
21205003
21205006
21205007
21205008
21205010
21205011
21205012
21205013
21205014
21205015
21205016
21205020
21205023
21205025
21205027
21205028
21205029
21205030
21205031
21205032
21206001
21206002
21206003
21206004
21206005
21206007
21206008
21206016
21206017
21206018
21206019
21206020
21206021
21206022
21206023
21206024
21206025
21206026
21206027
21206028
21206029
21206030
21207002
21207003
21207004
21207005
21207006
21207007
21207008
21208027
21208028
21208034
21208035
21208036
21208037
21208038
21208039
21208040
21208041
21208042
21208043
21209001
21209002
21209003
21209004
21209005
21209006
21209007
21209008
21209009
21209010
21209011
21209012
21209013
21209014
21209015
21209019
21209020
21209022
21209023
21209025
21209026
21209027
21209028
21209029
21209030
21209031
21209032
21210001
21210002
21210003
21210004
21210005
21210009
21210010
21210011
21210012
21210013
21210014
21210015
21210016
21210046
21210047
21210048
21210049
21210050
21210052
21211001
21211002
21211003
21211004
21211005
21211006
21211007
21211008
21211009
21211010
21211011
21211012
21211013
21211014
21211015
21211016
21211017
21211018
21211019
21211020
21211021
21212001
21212002
21212008
21212009
21212010
21212011
21212012
21212014
21212015
21212019
21212021
21212022
21212023
21212024
21212025
21212026
21212031
21212032
21212033
21212034
21212035
21213001
21213002
21213003
21213004
21213005
21213006
21213007
21213008
21213009
21213010
21213011
21213012
21213013
21213014
21213016
21213017
21213018
21213019
21213020
21217001
21217002
21217003
21217004
21217005
21217006
21217007
21217008
21217009
21217010
21217011
21217015
21217016
21217017
21217018
21217019
21217020
21218001
21218002
21218003
21218004
21218005
21218006
21218007
21218013
21218014
21218015
21218016
21218017
21218020
21218021
21218022
21218023
21218024
21218025
21218026
21219001
21219002
21219007
21219008
21219009
21219010
21219011
21219012
21219013
21219014
21219015
21219016
21219017
21219018
21219019
21219020
21219023
21219024
21219025
21219026
21219027
21219028
21219029
21219030
21219031
21219032
21219033
21220002
21220003
21220004
21220005
21220006
21220007
21220009
21220010
21220015
21220016
21220017
21220018
21220019
21220020
21220021
21220022
21220023
21220024
21220025
21220026
21220030
21220031
21220032
21220033
21220034
21220035
21220036
21220037
21220038
21220039
21220040
21220041
21220042
21220043
21221001
21221002
21221003
21221004
21221005
21221006
21221007
21221008
21221009
21221010
21221011
21221012
21221013
21221014
21221015
21221016
21221017
21221018
21221022
21221023
21221024
21221025
21221026
21221027
21221028
21221029
21221030
21221031
21221034
21221035
21221037
21222001
21222002
21222003
21222004
21222005
21222006
21222008
21222015
21222016
21222017
21222018
21222019
21222020
21222021
21222022
21222023
21222025
21222026
21222027
21222028
21222029
21222030
21222031
21222032
21222033
21223002
21223003
21223005
21223006
21223007
21223012
21223013
21223014
21223015
21223016
21223030
21223031
21223032
21223033
21223034
21223035
21223036
21223037
21223038
21223039
21223040
21223041
21223042
21223043
21224001
21224002
21224003
21224004
21224005
21224006
21224007
21224008
21224009
21224010
21224012
21224013
21224014
21224015
21224016
21224017
21224020
21224021
21224022
21224023
21224024
21224025
21224046
21224047
21224048
21224049
21224050
21225001
21225002
21225003
21225004
21225005
21225006
21225007
21225035
21225040
21225041
21225042
21225043
21225044
21225045
21225046
21225047
21225048
21225049
21225050
21226003
21226006
21226007
21226008
21226010
21226011
21226012
21226013
21226014
21227004
21227005
21227006
21227007
21227008
21227009
21227012
21227013
21227017
21227018
21227019
21227020
21227021
21227022
21227023
21227024
21227025
21227026
21227027
21227029
21227030
21227034
21227035
21227036
21227038
21228001
21228002
21228003
21228004
21228005
21228006
21228007
21228008
21228009
21228010
21228011
21228012
21228013
21228014
21228015
21228017
21228019
21228020
21228021
21228022
21228023
21228025
21228026
21228027
21228028
21228029
21228030
21228031
21229001
21229002
21229003
21229004
21229005
21229006
21229007
21229008
21229009
21229010
21229011
21229012
21229013
21229015
21229016
21229017
21229018
21229019
21229020
21229021
21229023
21229027
21229028
21229041
21229042
21229043
21229044
21229045
21229046
21229048
21229049
21230001
21230002
21230007
21230008
21230009
21230011
21230012
21230013
21230029
21231002
21231003
21231004
21231005
21231006
21231009
21231010
21231011
21231013
21231014
21231015
21231016
21231017
21231020
21231021
21231022
21231023
21231024
21231025
21231026
21231027
21231028
21231030
21231031
21231032
21231033
21231034
21232001
21232004
21232007
21232008
21232012
21232013
21232014
21232015
21233002
21233003
21233005
21233006
21233008
21233009
21233010
21233012
21233013
21233014
21233021
21233022
21233023
21233024
21233025
21233026
21233027
21233028
21233029
21233030
21233031
21233032
21233033
21233034
21233035
21233036
21233037
21233038
21233039
21234001
21234002
21234003
21234004
21234005
21234006
21234007
21234009
21234010
21234011
21234015
21234016
21234017
21234018
21234019
21234020
21234021
21234022
21234023
21234025
21234026
21234028
21234029
21234030
21234031
21234032
21235001
21235003
21235005
21235006
21235007
21235008
21235009
21235011
21235013
21235014
21235015
21235016
21235017
21235020
21235021
21235022
21235023
21235024
21235025
21235026
21235027
21235028
21235029
21235030
21235033
21235034
21235035
21235036
21235037
21235038
21235039
21235040
21235041
21235042
21236002
21236003
21236004
21236005
21236006
21236007
21236008
21236010
21236011
21236012
21236013
21236014
21236017
21236018
21236019
21236020
21236021
21236022
21236023
21236024
21236025
21236026
21236027
21236028
21236029
21236030
21236031
21236032
21236033
21236034
21236035
21237001
21237004
21237005
21237006
21237007
21237008
21237009
21237010
21237011
21237012
21237013
21237014
21237021
21237022
21237023
21237032
21237033
21237034
21237035
21237036
21237037
21237038
21238004
21238005
21238006
21238007
21238008
21238009
21238010
21238013
21238014
21238015
21238017
21238019
21238020
21238021
21238024
21238025
21238026
21238027
21238028
21238029
21238030
21238031
21238032
21238033
21238037
21238043
21238045
21238046
21239001
21239002
21239003
21239004
21239010
21239011
21239012
21239013
21239014
21239015
21239016
21239017
21239018
21239019
21239022
21239023
21239024
21239025
21239026
21239027
21239028
21239029
21239030
21239031
21240001
21240002
21240003
21240004
21240005
21240006
21240009
21240010
21241005
21241006
21241007
21241008
21241009
21241010
21241011
21241012
21241013
21241014
21241015
21241016
21241017
21241018
21241021
21241022
21241024
21241025
21241026
21241027
21241028
21241029
21241030
21241031
21241032
21242001
21242007
21242008
21242009
21242011
21242012
21242014
21242015
21242016
21242017
21242018
21242019
21242020
21242021
21242022
21242023
21242024
21242025
21242026
21242027
21242028
21242029
21242030
21242031
21242032
21242033
21243001
21243002
21243003
21243004
21243005
21243006
21243007
21243008
21243009
21243010
21243012
21243013
21243014
21243015
21243016
21243033
21243034
21243038
21243040
21243042
21243043
21243044
21243045
21243046
21243047
21243048
21243049
21243050
21244001
21244002
21244003
21244004
21244006
21244007
21244008
21244009
21244010
21244011
21244012
21244013
21244014
21244022
21244023
21244024
21244025
21244026
21244027
21244028
21244029
21244030
21244031
21244032
21244033
21244034
21244036
21245001
21245003
21245004
21245005
21245006
21245007
21245008
21245009
21245010
