21169035
21169036
21169039
21170001
21170002
21170003
21170007
21170008
21170009
21170010
21170011
21170012
21170013
21170014
21170016
21170017
21170018
21170019
21170020
21170022
21170023
21170024
21170026
21170027
21170029
21170030
21170031
21170033
21170035
21171004
21171030
21171032
21171033
21171035
21171036
21171037
21171038
21171039
21171040
21171041
21172008
21172009
21172012
21172013
21172032
21172034
21172037
21173003
21173006
21173008
21173009
21173012
21173014
21173015
21173016
21173018
21173020
21173022
21173024
21173025
21173026
21173028
21173029
21173030
21173032
21174003
21174004
21174005
21174006
21174008
21174009
21174011
21174049
21174050
21174051
21174052
21175003
21175004
21175006
21175007
21175008
21175023
21175025
21175026
21175030
21175031
21175032
21175034
21176008
21176010
21176012
21176013
21176014
21176016
21176020
21176021
21176023
21176024
21176025
21176026
21176027
21176028
21176029
21177001
21177004
21177005
21177006
21177007
21177017
21177018
21177019
21177021
21177022
21177024
21177026
21177031
21178007
21178008
21178009
21178010
21178012
21178013
21178028
21178029
21178030
21178031
21179001
21179004
21179006
21179007
21179008
21179010
21179012
21179014
21179018
21179021
21179022
21179023
21179026
21179036
21179037
21179038
21179039
21179040
21180001
21180005
21180010
21180012
21180025
21180028
21180029
21180030
21180031
21180033
21181001
21181008
21181009
21181011
21181012
21181013
21181015
21181016
21181017
21181018
21181019
21181020
21181021
21181022
21181023
21181027
21181031
21181032
21181033
21181034
21181035
21182001
21182002
21182003
21182005
21182007
21182009
21182038
21182041
21182045
21182046
21182048
21182049
21182052
21183001
21183003
21183013
21183014
21183017
21183018
21183019
21183020
21183023
21183025
21184010
21184012
21184015
21184025
21184028
21184029
21184034
21185001
21185006
21185007
21185009
21185011
21185019
21185020
21185021
21185037
21186010
21186012
21186013
21186014
21186016
21186017
21186018
21186020
21186022
21186024
21186026
21186028
21187003
21187004
21187006
21187008
21187009
21187010
21187015
21187016
21187017
21187020
21187021
21187025
21187029
21187030
21187031
21187032
21188001
21188002
21188003
21188005
21188006
21188007
21188008
21188009
21188010
21188012
21188013
21188014
21188015
21188016
21188017
21188029
21188030
21188031
21188032
21189001
21189002
21189003
21189004
21189005
21189006
21189011
21189012
21189039
21189040
21189041
21190001
21190003
21190004
21190005
21190006
21190008
21190053
21190054
21190055
21190056
21191001
21191003
21191004
21191007
21191039
21192001
21192002
21192006
21192007
21192008
21192010
21192013
21192014
21192015
21192017
21192018
21192019
21192020
21192022
21192024
21192025
21192026
21193001
21193006
21193007
21193009
21193010
21193011
21193013
21193014
21193015
21193018
21193019
21193020
21193021
21193022
21193024
21193025
21193027
21193028
21193029
21193031
21193032
21193033
21194001
21194002
21194024
21194026
21194027
21194028
21194029
21194030
21194032
21194033
21194034
21194035
21194036
21195001
21195003
21195004
21195005
21195007
21195008
21195009
21195010
21195017
21195018
21195019
21195020
21195023
21195025
21195028
21195029
21195030
21195031
21195032
21195035
21196004
21196007
21196008
21196009
21196010
21196011
21196012
21196014
21197003
21197006
21197007
21197008
21197011
21197012
21197013
21198001
21198003
21198004
21198005
21198006
21198007
21198009
21198010
21198011
21198012
21198014
21198015
21198016
21198019
21198020
21198022
21198024
21198025
21198026
21198029
21198030
21199001
21199002
21199003
21199004
21199005
21199010
21199011
21199012
21199017
21199018
21199020
21199023
21199024
21199025
21199027
21200001
21200002
21200004
21200006
21200009
21200010
21200011
21200012
21200014
21200017
21203017
21203019
21204001
21204002
21204005
21204007
21204008
21204010
21204012
21205020
21205025
21205027
21205029
21205030
21205031
21206005
21206007
21206016
21206017
21206019
21206020
21206021
21206022
21206023
21206025
21206027
21206029
21206030
21207003
21207004
21207008
21208027
21208028
21208035
21208036
21208037
21208038
21208039
21208040
21208042
21208043
21209001
21209002
21209003
21209004
21209005
21209006
21209007
21209011
21209012
21209013
21209014
21209019
21209023
21209026
21209027
21209028
21209031
21209032
21210002
21210003
21210004
21210005
21210012
21210016
21210047
21210049
21211003
21211004
21211005
21211007
21211008
21211011
21211012
21211013
21211015
21211019
21211020
21211021
21212002
21212010
21212012
21212015
21212019
21212022
21212023
21212025
21212032
21212033
21212034
21212035
21213002
21213003
21213004
21213005
21213006
21213007
21213009
21213012
21213014
21213016
21213017
21213019
21217001
21217006
21217007
21217009
21217010
21217016
21217018
21217019
21217020
21218001
21218003
21218004
21218015
21218017
21218020
21218021
21218022
21218025
21218026
21219001
21219002
21219008
21219011
21219014
21219016
21219018
21219020
21219023
21219027
21219028
21219029
21219030
21220002
21220005
21220007
21220018
21220020
21220025
21220026
21220031
21220032
21220035
21220038
21220039
21220042
21221003
21221006
21221009
21221010
21221011
21221014
21221015
21221023
21221027
21221029
21221031
21221037
21222001
21222005
21222015
21222021
21222022
21222027
21222030
21222031
21223014
21223030
21223033
21223034
21223035
21223037
21223038
21223039
21223042
21224004
21224007
21224012
21224014
21224017
21224021
21224022
21224047
21224050
21225042
21225046
21225048
21226006
21226008
21226012
21226014
21227004
21227007
21227013
21227017
21227019
21227021
21227022
21227023
21227026
21227027
21227029
21228004
21228005
21228008
21228012
21228013
21228017
21228025
21228028
21228031
21229007
21229009
21229011
21229012
21229020
21229021
21229041
21229042
21229044
21230001
21230011
21230029
21231002
21231003
21231009
21231017
21231020
21231023
21231026
21231028
21231030
21231031
21231033
21232008
21233008
21233012
21233021
21233030
21235013
21236031
21236033
21236034
21237012
21238010
21238027
