21169035
21169039
21170001
21170002
21170003
21170006
21170007
21170008
21170009
21170010
21170011
21170012
21170013
21170014
21170016
21170017
21170018
21170019
21170020
21170022
21170023
21170024
21170026
21170027
21170029
21170031
21170033
21170035
21170036
21171001
21171002
21171003
21171004
21171005
21171031
21171033
21171034
21171035
21171036
21171037
21171038
21171039
21171040
21171041
21172008
21172009
21172012
21172013
21172014
21172032
21172033
21172034
21172036
21172037
21173001
21173003
21173006
21173008
21173009
21173012
21173014
21173015
21173016
21173017
21173019
21173020
21173022
21173024
21173025
21173027
21173028
21173029
21173030
21173031
21174001
21174002
21174004
21174005
21174006
21174008
21174049
21174050
21174051
21175003
21175031
21175034
21176008
21176009
21176011
21176012
21176013
21176014
21176016
21176020
21176021
21176026
21176029
21177002
21177005
21177007
21177008
21177009
21177010
21177012
21177016
21177017
21177018
21177019
21177020
21177021
21177022
21177024
21177026
21177027
21177028
21177030
21177031
21177032
21178003
21178007
21178008
21178009
21178010
21178028
21178029
21178030
21178031
21179001
21179002
21179004
21179005
21179006
21179007
21179008
21179010
21179011
21179012
21179014
21179019
21179020
21179021
21179022
21179023
21179024
21179026
21179036
21179038
21179039
21179040
21180001
21180004
21180005
21180007
21180014
21180025
21180026
21180028
21180029
21180030
21180033
21181001
21181002
21181004
21181005
21181006
21181011
21181012
21181013
21181015
21181016
21181017
21181018
21181020
21181021
21181022
21181025
21181028
21181030
21181031
21181032
21181033
21181034
21181035
21182001
21182002
21182003
21182005
21182006
21182007
21182009
21182011
21182021
21182045
21182047
21182048
21182049
21182052
21183003
21183004
21183005
21183013
21183014
21183015
21183017
21183018
21183019
21183020
21183022
21183023
21183024
21183025
21184011
21184012
21184014
21184015
21184025
21184029
21184030
21185001
21185002
21185003
21185006
21185007
21185008
21185009
21185010
21185011
21185012
21185013
21185019
21185020
21185021
21185037
21185038
21186009
21186010
21186011
21186012
21186013
21186015
21186017
21186018
21186019
21186021
21186022
21186024
21186025
21187002
21187004
21187005
21187006
21187008
21187009
21187010
21187015
21187016
21187017
21187019
21187020
21187021
21187022
21187023
21187024
21187025
21187026
21187027
21187030
21187032
21188001
21188003
21188004
21188007
21188010
21188012
21188014
21188015
21188016
21188017
21188029
21188030
21188032
21189001
21189002
21189004
21189006
21189011
21189039
21189040
21189041
21190001
21190002
21190003
21190004
21190005
21190007
21190008
21190054
21190055
21190056
21191001
21191003
21191007
21191039
21192002
21192007
21192008
21192010
21192012
21192013
21192014
21192015
21192017
21192018
21192019
21192020
21192022
21192024
21192025
21192026
21193001
21193006
21193007
21193009
21193013
21193014
21193020
21193021
21193022
21193024
21193025
21193027
21193029
21193031
21193032
21193033
21194024
21194026
21194027
21194029
21194030
21194031
21194033
21194034
21194036
21195001
21195002
21195003
21195004
21195005
21195007
21195009
21195010
21195017
21195018
21195019
21195020
21195023
21195025
21195026
21195027
21195028
21195029
21195030
21195031
21195032
21195033
21195034
21195035
21196003
21196005
21196007
21196008
21196009
21196010
21196011
21196012
21196013
21197005
21197006
21197007
21197008
21197009
21197010
21197011
21197012
21198001
21198002
21198003
21198004
21198005
21198006
21198007
21198009
21198010
21198011
21198012
21198013
21198014
21198015
21198016
21198019
21198020
21198022
21198023
21198024
21198025
21198026
21198027
21198029
21198030
21198031
21199001
21199002
21199003
21199005
21199006
21199009
21199010
21199011
21199012
21199013
21199014
21199015
21199017
21199018
21199019
21199020
21199021
21199023
21199024
21199025
21199026
21199027
21199028
21199029
21199030
21200001
21200002
21200004
21200005
21200006
21200007
21200008
21200010
21200011
21200012
21200013
21200014
21200017
21200018
21200019
21200020
21203017
21203018
21204001
21204002
21204005
21204007
21204008
21204009
21204010
21204012
21204013
21205006
21205011
21205014
21205015
21205020
21205027
21205028
21205030
21205031
21205032
21206001
21206004
21206008
21206016
21206017
21206018
21206019
21206021
21206025
21206027
21206029
21207002
21207003
21207004
21207005
21207007
21207008
21208027
21208028
21208035
21208038
21208040
21208041
21208042
21208043
21209001
21209002
21209003
21209004
21209005
21209006
21209007
21209014
21209025
21209027
21209028
21210002
21210003
21210005
21210010
21210011
21210012
21210013
21210014
21210015
21210016
21210046
21210047
21210048
21210050
21211002
21211003
21211004
21211005
21211007
21211008
21211009
21211014
21211015
21211016
21211017
21211021
21212002
21212008
21212011
21212014
21212021
21212032
21212034
21213005
21213009
21213010
21213011
21217004
21217005
21217007
21217008
21217010
21217016
21217019
21217020
21218001
21218003
21218020
21218026
21219001
21219008
21219009
21219024
21219025
21219026
21219029
21219033
21220002
21220003
21220007
21220015
21220016
21220019
21220023
21220032
21220033
21220036
21220040
21220042
21221008
21221025
21221028
21221031
21222001
21222003
21222005
21222017
21222018
21222033
21223007
21223015
21223030
21223032
21223034
21223043
21224001
21224003
21224005
21224009
21224010
21224020
21224021
21225041
21225044
21225045
21225046
21226003
21226006
21226008
21227005
21227006
21227009
21227020
21227021
21227036
21228006
21228010
21228013
21228021
21228023
21228026
21228029
21228030
21229002
21229005
21229009
21229012
21229013
21229021
21229042
21229043
21230008
21230009
21231009
21231015
21231017
21233008
21233022
21233030
21233037
