21169035
21170030
21171008
21171010
21171013
21171016
21171017
21171018
21171024
21171025
21171026
21171027
21175034
21176001
21176002
21176003
21176004
21176005
21176006
21176008
21176009
21176012
21176014
21176015
21176016
21176020
21176021
21176024
21176025
21176026
21176027
21176028
21176029
21177007
21177024
21177030
21177032
21178029
21179014
21179026
21179033
21179039
21180006
21180012
21180014
21180025
21180029
21180030
21181002
21181004
21181009
21181011
21181021
21181033
21182043
21182046
21182047
21183022
21184013
21184015
21184027
21185003
21185013
21185021
21185038
21186019
21186020
21187009
21187010
21187024
21187025
21187027
21187029
21187032
21188007
21188012
21188016
21190004
21190056
21191002
21191003
21192008
21192009
21192010
21192011
21192012
21192013
21192015
21192017
21192018
21192020
21192022
21192024
21192025
21192026
21193001
21193006
21193007
21193009
21193010
21193011
21193013
21193014
21193019
21193020
21193021
21193022
21193024
21193025
21193026
21193027
21193031
21193032
21193033
21194001
21194002
21194024
21194026
21194027
21194028
21194029
21194030
21194031
21194032
21194034
21194035
21194036
21195001
21195002
21195003
21195004
21195007
21195008
21195017
21195018
21195019
21195020
21195023
21195025
21195027
21195028
21195030
21195031
21195032
21195033
21195034
21196005
21196007
21196008
21196009
21196010
21196011
21196013
21197003
21197005
21197006
21197007
21197008
21197010
21197011
21197012
21198001
21198002
21198003
21198004
21198006
21198009
21198010
21198011
21198012
21198013
21198014
21198015
21198016
21198019
21198020
21198021
21198022
21198023
21198024
21198025
21198026
21198029
21198030
21198031
21199001
21199002
21199003
21199004
21199005
21199006
21199009
21199011
21199013
21199014
21199015
21199017
21199018
21199021
21199023
21199024
21199025
21199026
21199027
21199028
21199030
21200001
21200003
21200004
21200005
21200006
21200008
21200009
21200010
21200011
21200012
21200014
21200017
21200018
21200019
21200020
21203018
21203019
21204001
21204002
21204003
21204005
21204006
21204007
21204008
21204010
21204012
21204013
21205006
21205007
21205008
21205010
21205013
21205014
21205016
21205020
21205023
21205025
21205027
21205028
21205029
21205030
21205032
21206008
21206016
21206018
21206019
21206020
21206022
21206029
21206030
21207003
21207004
21207005
21207006
21207007
21207008
21208027
21208028
21208034
21208035
21208037
21208038
21208039
21208040
21208041
21209001
21209002
21209003
21209004
21209005
21209006
21209007
21209010
21209011
21209012
21209013
21209015
21209019
21209020
21209025
21209027
21209030
21209032
21210001
21210002
21210003
21210004
21210005
21210011
21210013
21210014
21210015
21210016
21210047
21210050
21210052
21211001
21211002
21211003
21211004
21211008
21211009
21211010
21211011
21211013
21211015
21211016
21211017
21211019
21211021
21212001
21212002
21212008
21212010
21212011
21212012
21212014
21212015
21212019
21212023
21212025
21212031
21212032
21212033
21213001
21213002
21213003
21213004
21213005
21213006
21213009
21213010
21213013
21213018
21213019
21217001
21217003
21217005
21217009
21217010
21217011
21217017
21217019
21217020
21218002
21218005
21218013
21218014
21218015
21218016
21218021
21218024
21219001
21219009
21219010
21219011
21219015
21219019
21219024
21219025
21219026
21219027
21219028
21219031
21220002
21220003
21220004
21220006
21220007
21220010
21220017
21220018
21220019
21220024
21220026
21220032
21220033
21220034
21220035
21220038
21220039
21220040
21220041
21220042
21220043
21221001
21221003
21221004
21221005
21221006
21221007
21221008
21221010
21221011
21221014
21221016
21221017
21221018
21221022
21221024
21221025
21221028
21221029
21221030
21221037
21222001
21222003
21222005
21222006
21222008
21222015
21222016
21222017
21222018
21222020
21222023
21222025
21222026
21222027
21222029
21222030
21222032
21222033
21223003
21223005
21223007
21223013
21223014
21223016
21223030
21223031
21223032
21223033
21223036
21223038
21223041
21223042
21224001
21224002
21224003
21224005
21224007
21224008
21224010
21224013
21224015
21224016
21224020
21224021
21224046
21224047
21224048
21224049
21224050
21225006
21225007
21225035
21225042
21225043
21225044
21225049
21225050
21226003
21226006
21226007
21226008
21226010
21226011
21226012
21226013
21226014
21227005
21227006
21227017
21227018
21227019
21227020
21227022
21227025
21227026
21227027
21227029
21227030
21227034
21227035
21227036
21227038
21228001
21228002
21228004
21228005
21228006
21228007
21228008
21228009
21228011
21228012
21228013
21228015
21228017
21228021
21228022
21228023
21228025
21228027
21228028
21228029
21228030
21229001
21229002
21229004
21229005
21229007
21229008
21229011
21229012
21229013
21229018
21229020
21229021
21229027
21229028
21229043
21229044
21229045
21229048
21229049
21230001
21230002
21230007
21230008
21230009
21230011
21230012
21230013
21230029
21231002
21231003
21231004
21231005
21231006
21231009
21231010
21231011
21231013
21231014
21231016
21231017
21231020
21231021
21231022
21231023
21231024
21231025
21231026
21231027
21231028
21231030
21231032
21231033
21231034
21232001
21232004
21232007
21232013
21232015
21233006
21233008
21233009
21233010
21233012
21233013
21233021
21233022
21233023
21233024
21233025
21233026
21233027
21233028
21233029
21233030
21233031
21233032
21233033
21233034
21233035
21233037
21233038
21233039
21234001
21234002
21234004
21234005
21234007
21234009
21234011
21234015
21234016
21234017
21234019
21234020
21234021
21234022
21234023
21234025
21234026
21234029
21234030
21234031
21234032
21235003
21235005
21235006
21235007
21235009
21235014
21235017
21235020
21235021
21235022
21235023
21235024
21235025
21235027
21235028
21235029
21235034
21235036
21235037
21235038
21235039
21235040
21235042
21236002
21236004
21236005
21236006
21236007
21236008
21236010
21236012
21236013
21236014
21236017
21236018
21236019
21236020
21236021
21236022
21236023
21236024
21236026
21236027
21236028
21236029
21236030
21236031
21236032
21236034
21236035
21237001
21237005
21237006
21237008
21237009
21237010
21237011
21237021
21237022
21237023
21237032
21237034
21237035
21237036
21237037
21237038
21238004
21238005
21238006
21238007
21238008
21238009
21238010
21238014
21238015
21238019
21238020
21238021
21238026
21238027
21238028
21238030
21238031
21238032
21238033
21238043
21238045
21238046
21239004
21239010
21239011
21239012
21239013
21239015
21239016
21239017
21239018
21239022
21239023
21239024
21239025
21239026
21239028
21239029
21239030
21239031
21240001
21240003
21240004
21240005
21240006
21240009
21241006
21241009
21241010
21241011
21241012
21241013
21241015
21241016
21241018
21241021
21241022
21241024
21241025
21241027
21241028
21241029
21241030
21242007
21242008
21242009
21242011
21242014
21242015
21242016
21242017
21242018
21242020
21242021
21242022
21242024
21242025
21242026
21242027
21242028
21242029
21242032
21242033
21243001
21243002
21243005
21243007
21243008
21243009
21243010
21243012
21243013
21243014
21243016
21243033
21243034
21243038
21243042
21243043
21243044
21243045
21243046
21243047
21243048
21243049
21244001
21244002
21244006
21244007
21244008
21244010
21244012
21244013
21244014
21244022
21244023
21244025
21244026
21244027
21244028
21244029
21244030
21244031
21244032
21244033
21244036
21245001
