21169037
21170003
21170009
21170011
21170012
21170017
21170023
21170024
21170026
21171005
21171007
21171010
21171026
21171030
21171037
21171038
21172012
21172013
21172014
21172033
21172036
21172037
21173006
21173014
21173015
21173017
21173018
21173019
21173020
21173022
21173025
21173027
21173028
21173029
21173030
21173031
21173032
21174001
21174003
21174004
21174006
21174008
21174009
21174011
21174049
21175025
21175031
21175032
21175033
21176009
21176014
21176016
21176020
21176023
21176024
21176025
21176026
21176027
21176028
21176029
21177001
21177002
21177003
21177004
21177005
21177006
21177007
21177008
21177009
21177011
21177016
21177018
21177019
21177020
21177021
21177022
21177024
21177027
21177030
21177031
21177032
21178007
21178008
21178009
21178012
21178013
21178028
21178029
21178030
21178031
21179001
21179002
21179004
21179006
21179007
21179008
21179010
21179011
21179012
21179014
21179018
21179019
21179022
21179023
21179024
21179026
21179036
21179037
21179038
21179039
21179040
21180003
21180004
21180005
21180007
21180008
21180010
21180026
21180029
21180030
21180031
21180033
21181001
21181002
21181004
21181005
21181006
21181008
21181009
21181011
21181012
21181013
21181015
21181016
21181017
21181018
21181019
21181020
21181021
21181022
21181023
21181024
21181029
21181030
21181031
21181032
21181033
21181034
21182001
21182002
21182003
21182006
21182007
21182009
21182021
21182046
21182050
21182052
21183001
21183003
21183004
21183007
21183013
21183014
21183015
21183017
21183019
21183020
21183023
21183025
21184010
21184012
21184013
21184014
21184015
21184025
21184027
21184029
21184030
21184032
21184033
21184034
21185001
21185002
21185003
21185004
21185005
21185006
21185007
21185008
21185010
21185012
21185019
21185021
21185038
21186009
21186011
21186012
21186013
21186014
21186016
21186017
21186019
21186020
21186021
21186024
21186025
21186026
21186027
21186028
21187002
21187003
21187004
21187005
21187006
21187008
21187010
21187015
21187016
21187017
21187019
21187020
21187022
21187023
21187024
21187026
21187027
21187030
21187031
21187032
21188001
21188002
21188003
21188004
21188006
21188008
21188009
21188010
21188013
21188015
21188016
21188017
21188030
21188031
21189001
21189002
21189003
21189004
21189006
21189011
21189012
21189039
21189040
21189041
21190001
21190002
21190003
21190004
21190005
21190006
21190007
21190008
21190010
21190053
21190054
21190055
21191001
21191002
21191003
21191004
21191007
21191008
21192001
21192006
21192007
21192008
21192009
21192010
21192011
21192012
21192013
21192014
21192015
21192017
21192018
21192019
21192020
21192024
21192025
21192026
21193001
21193007
21193010
21193011
21193013
21193014
21193015
21193018
21193019
21193020
21193024
21193025
21193026
21193027
21193032
21193033
21194002
21194024
21194026
21194027
21194028
21194029
21194030
21194031
21194033
21194034
21194035
21195001
21195002
21195004
21195005
21195007
21195008
21195009
21195010
21195014
21195019
21195020
21195023
21195025
21195027
21195028
21195029
21195030
21195031
21195032
21195033
21195034
21195035
21196003
21196004
21196005
21196007
21196008
21196009
21196010
21196011
21196013
21196014
21197003
21197006
21197007
21197008
21197009
21197010
21197011
21197012
21197013
21198001
21198002
21198003
21198004
21198005
21198006
21198007
21198008
21198010
21198011
21198012
21198013
21198014
21198015
21198016
21198019
21198020
21198023
21198024
21198025
21198026
21198027
21198029
21198031
21199001
21199003
21199004
21199005
21199006
21199009
21199010
21199011
21199012
21199013
21199014
21199015
21199017
21199018
21199019
21199020
21199021
21199024
21199026
21199027
21199029
21200001
21200002
21200003
21200004
21200006
21200007
21200009
21200010
21200012
21200014
21200017
21200019
21200020
21203019
21204001
21204002
21204003
21204004
21204005
21204006
21204007
21204009
21204012
21204013
21205003
21205008
21205010
21205011
21205013
21205014
21205015
21205016
21205020
21205025
21205027
21205028
21205029
21205030
21205031
21206002
21206007
21206016
21206017
21206018
21206019
21206020
21206021
21206022
21206023
21206025
21206026
21206027
21206028
21206029
21206030
21207002
21207005
21207008
21208027
21208034
21208035
21208036
21208037
21208038
21208039
21208040
21208041
21208043
21209001
21209002
21209003
21209004
21209005
21209006
21209007
21209009
21209010
21209011
21209012
21209013
21209014
21209015
21209020
21209022
21209023
21209025
21209027
21231016
21231017
21231020
21231021
21231024
21231025
21231026
21231027
21231028
21231030
21231031
21231033
21231034
21232001
21232004
21232007
21232008
21232012
21232014
21232015
21233003
21233005
21233008
21233009
21233010
21233012
21233013
21233014
21233021
21233023
21233024
21233025
21233026
21233027
21233029
21233030
21233031
21233032
21233034
21233035
21233036
21233037
21233038
21233039
21234001
21234002
21234003
21234004
21234006
21234007
21234009
21234011
21234015
21234016
21234017
21234019
21234021
21234022
21234023
21234025
21234028
21234030
21234031
21234032
21235001
21235006
21235007
21235008
21235009
21235011
21235013
21235015
21235020
21235021
21235022
21235023
21235024
21235025
21235026
21235027
21235028
21235029
21235034
21235038
21235039
21235040
21235041
21235042
21236002
21236003
21236004
21236005
21236007
21236010
21236012
21236013
21236014
21236017
21236020
21236021
21236022
21236023
21236024
21236025
21236026
21236027
21236028
21236030
21236032
21236033
21236034
21236035
21237001
21237006
21237007
21237008
21237009
21237011
21237012
21237021
21237022
21237023
21237032
21237034
21237035
21238004
21238006
21238007
21238009
21238013
21238015
21238017
21238019
21238020
21238024
21238028
21238029
21238031
21238032
21238033
21238037
21238043
21239001
21239002
21239003
21239004
21239010
21239011
21239012
21239013
21239014
21239015
21239017
21239018
21239022
21239023
21239024
21239025
21239026
21239027
21239028
21239029
21239030
21239031
21240001
21240002
21240003
21240004
21240005
21240006
21240009
21240010
21241005
21241006
21241007
21241009
21241010
21241011
21241013
21241015
21241016
21241017
21241018
21241021
21241022
21241025
21241026
21241027
21241028
21241029
21241030
21241031
21242001
21242007
21242008
21242009
21242011
21242014
21242015
21242016
21242017
21242018
21242019
21242022
21242023
21242024
21242025
21242026
21242027
21242032
21242033
21243002
21243003
21243004
21243005
21243006
21243007
21243008
21243012
21243013
21243014
21243016
21243033
21243038
21243042
21243043
21243045
21243047
21243048
21243050
21244001
21244002
21244003
21244004
21244006
21244008
21244009
21244010
21244012
21244013
21244014
21244022
21244023
21244024
21244025
21244026
21244027
21244028
21244029
21244030
21244032
21244033
21244034
21244036
21245001
21245006
21245007
21245008
21245009
