21169035
21169036
21170003
21170012
21170016
21170020
21170022
21170026
21170033
21170035
21171008
21171031
21171032
21171033
21172006
21172009
21172011
21172013
21172014
21172037
21173004
21173012
21173015
21173017
21173018
21173019
21173022
21173024
21173026
21173027
21173028
21173030
21173031
21174001
21174003
21174005
21174008
21174009
21174011
21174050
21175006
21175023
21175030
21175032
21176001
21176003
21176004
21176010
21176011
21176012
21176013
21176014
21176015
21176016
21176020
21176021
21176023
21176024
21176025
21176026
21176027
21176028
21176029
21177001
21177002
21177003
21177004
21177006
21177009
21177010
21177011
21177017
21177018
21177019
21177020
21177021
21177022
21177024
21177027
21177028
21177030
21177031
21177032
21178007
21178009
21178010
21178012
21178013
21178028
21178029
21178031
21179004
21179007
21179011
21179012
21179014
21179018
21179019
21179021
21179023
21179024
21179033
21179036
21179037
21179038
21179039
21179040
21180001
21180003
21180004
21180005
21180006
21180007
21180008
21180010
21180012
21180014
21180025
21180026
21180028
21180029
21180030
21180031
21180033
21181001
21181004
21181005
21181006
21181008
21181009
21181011
21181012
21181013
21181015
21181016
21181017
21181018
21181019
21181021
21181022
21181024
21181025
21181027
21181029
21181030
21181031
21181033
21181034
21181035
21182001
21182003
21182005
21182006
21182007
21182009
21182011
21182021
21182041
21182045
21182047
21182048
21182050
21183001
21183005
21183007
21183013
21183014
21183015
21183018
21183020
21183022
21183023
21183024
21183025
21184010
21184011
21184012
21184013
21184014
21184025
21184026
21184027
21184028
21184029
21184030
21184032
21184034
21185001
21185002
21185003
21185005
21185007
21185008
21185009
21185010
21185011
21185012
21185013
21185019
21185020
21185021
21186009
21186011
21186013
21186014
21186015
21186018
21186019
21186020
21186021
21186022
21186023
21186024
21187001
21187004
21187005
21187008
21187009
21187015
21187016
21187017
21187019
21187020
21187021
21187022
21187023
21187025
21187027
21187030
21187032
21188001
21188002
21188003
21188004
21188005
21188006
21188007
21188008
21188012
21188013
21188014
21188016
21188017
21188031
21189002
21189004
21189005
21189006
21189011
21189012
21189039
21189040
21189041
21190001
21190002
21190003
21190007
21190008
21190009
21190010
21190053
21190054
21190055
21190056
21191001
21191002
21191003
21191004
21191007
21191008
21191039
21192001
21192002
21192006
21192007
21192008
21192009
21192010
21192011
21192012
21192014
21192015
21192017
21192018
21192019
21192024
21192025
21192026
21193006
21193007
21193009
21193010
21193011
21193014
21193015
21193018
21193019
21193020
21193021
21193022
21193024
21193026
21193027
21193028
21193031
21193032
21193033
21194002
21194024
21194026
21194028
21194029
21194030
21194031
21194032
21194033
21194034
21194036
21195001
21195002
21195003
21195004
21195005
21195007
21195009
21195015
21195017
21195018
21195019
21195023
21195025
21195026
21195027
21195028
21195031
21195032
21195033
21195034
21195035
21196003
21196004
21196008
21196009
21196010
21196011
21196012
21196013
21197003
21197005
21197006
21197007
21197008
21197009
21197010
21197012
21197013
21198001
21198002
21198003
21198004
21198005
21198006
21198008
21198009
21198010
21198011
21198012
21198013
21198014
21198016
21198020
21198021
21198024
21198025
21198026
21198027
21198029
21198031
21199001
21199002
21199003
21199004
21199005
21199006
21199009
21199012
21199014
21199015
21199017
21199018
21199019
21199020
21199021
21199023
21199024
21199028
21199029
21199030
21200001
21200003
21200004
21200005
21200006
21200007
21200008
21200009
21200011
21200012
21200013
21200014
21200017
21200019
21200020
21203017
21203019
21204001
21204002
21204005
21204006
21204007
21204008
21204009
21204010
21204012
21205003
21205007
21205008
21205011
21205013
21205014
21205015
21205020
21205025
21205027
21205028
21205030
21205032
21206001
21206002
21206003
21206004
21206016
21206017
21206018
21206019
21206020
21206021
21206022
21206026
21206027
21206028
21206029
21206030
21207002
21207003
21207004
21207005
21207008
21208027
21208034
21208036
21208037
21208038
21208039
21208040
21208041
21208042
21209001
21209002
21209003
21209005
21209006
21209007
21209009
21209010
21209011
21209012
21209013
21209014
21209015
21209019
21209020
21209022
21209025
21209026
21209027
21209028
21209029
21209030
21209031
21209032
21210002
21210004
21210005
21210009
21210011
21210013
21210014
21210015
21210046
21210047
21210048
21210050
21210052
21211002
21211003
21211004
21211007
21211008
21211010
21211011
21211013
21211015
21211016
21211017
21212001
21212008
21212009
21212010
21212012
21212015
21212021
21212022
21212025
21212032
21212033
21212034
21212035
21213001
21213003
21213004
21213005
21213007
21213009
21213010
21213011
21213013
21217001
21217002
21217003
21217004
21217005
21217006
21217007
21217009
21217010
21217011
21217017
21217018
21217019
21217020
21218001
21218002
21218003
21218004
21218005
21218006
21218007
21218013
21218016
21218022
21218024
21218026
21219002
21219008
21219012
21219013
21219015
21219016
21219017
21219018
21219025
21219026
21219029
21219030
21219031
21219032
21219033
21220002
21220005
21220010
21220015
21220016
21220017
21220019
21220021
21220023
21220026
21220031
21220032
21220033
21220034
21220035
21220036
21220037
21220040
21220041
21220042
21220043
21221001
21221004
21221005
21221006
21221009
21221010
21221011
21221012
21221013
21221015
21221016
21221017
21221018
21221023
21221024
21221025
21221026
21221027
21221029
21221030
21221031
21221034
21221037
21222001
21222003
21222004
21222005
21222006
21222008
21222017
21222018
21222019
21222022
21222023
21222025
21222026
21222027
21222030
21222031
21222032
21222033
21223002
21223003
21223006
21223012
21223013
21223014
21223015
21223016
21223031
21223032
21223033
21223035
21223036
21223037
21223039
21223042
21223043
21224001
21224003
21224008
21224009
21224013
21224014
21224015
21224016
21224017
21224020
21224023
21224024
21242028
21242029
21242030
21242031
21242032
21242033
21243001
21243002
21243003
21243004
21243005
21243006
21243007
21243008
21243010
21243013
21243014
21243015
21243016
21243033
21243034
21243042
21243044
21243046
21243048
21243049
21243050
21244001
21244002
21244003
21244006
21244007
21244008
21244009
21244012
21244013
21244026
21244027
21244028
21244030
21244031
21244032
21244033
21244034
21244036
21245005
21245006
21245007
21245008
21245010
