21169035
21170016
21170029
21170033
21171002
21171005
21171008
21171010
21171017
21171025
21171026
21171027
21171028
21171030
21171031
21171034
21171036
21172006
21172008
21172014
21172032
21172034
21172035
21173003
21173004
21173009
21173016
21173017
21173018
21173020
21173024
21173026
21173027
21173028
21173032
21174001
21174003
21174004
21174005
21174006
21174008
21174009
21174011
21174049
21174050
21174051
21175007
21175008
21175009
21175023
21175025
21175026
21175030
21175031
21175033
21175034
21176001
21176002
21176003
21176005
21176008
21176009
21176010
21176011
21176012
21176013
21176014
21176015
21176016
21176020
21176021
21176023
21176024
21176025
21176026
21176027
21176028
21177001
21177002
21177003
21177005
21177006
21177007
21177009
21177010
21177011
21177012
21177016
21177017
21177018
21177019
21177020
21177021
21177022
21177024
21177026
21177027
21177028
21177030
21177031
21177032
21178003
21178007
21178008
21178009
21178010
21178012
21178013
21178028
21178029
21178030
21178031
21179001
21179002
21179004
21179005
21179006
21179007
21179008
21179010
21179011
21179012
21179014
21179018
21179019
21179021
21179022
21179024
21179038
21179039
21179040
21180001
21180005
21180006
21180007
21180008
21180012
21180014
21180025
21180026
21180028
21180029
21180030
21180031
21181005
21181008
21181009
21181011
21181012
21181013
21181015
21181016
21181017
21181018
21181019
21181020
21181021
21181022
21181023
21181024
21181027
21181028
21181030
21181031
21181032
21181033
21181034
21181035
21182005
21182007
21182011
21182021
21182041
21182045
21182047
21182048
21182049
21182050
21182052
21183001
21183013
21183018
21183020
21183023
21183024
21184010
21184011
21184014
21184015
21184027
21184028
21184029
21184030
21184033
21184034
21185002
21185004
21185008
21185009
21185010
21185011
21185012
21185013
21185021
21185038
21186009
21186010
21186011
21186013
21186015
21186017
21186019
21186020
21186021
21186023
21186024
21186025
21186026
21186028
21187002
21187003
21187004
21187006
21187008
21187009
21187015
21187016
21187020
21187021
21187022
21187023
21187025
21187026
21187027
21187029
21187030
21187031
21187032
21188001
21188002
21188006
21188008
21188009
21188010
21188011
21188014
21188016
21188029
21188030
21189001
21189003
21189004
21189005
21189011
21189012
21189039
21189040
21190001
21190002
21190003
21190004
21190006
21190007
21190010
21190053
21190055
21190056
21191002
21191003
21191004
21191007
21191008
21191009
21191039
21192001
21192002
21192006
21192007
21192008
21192009
21192010
21192011
21192012
21192013
21192014
21192015
21192017
21192018
21192019
21192020
21192022
21192024
21192026
21193001
21193007
21193009
21193010
21193011
21193013
21193014
21193015
21193018
21193019
21193020
21193021
21193022
21193024
21193025
21193026
21193027
21193028
21193032
21193033
21194024
21194026
21194027
21194028
21194029
21194030
21194031
21194032
21194033
21194034
21194035
21194036
21195001
21195002
21195003
21195004
21195005
21195007
21195008
21195009
21195015
21195016
21195017
21195019
21195020
21195027
21195030
21195031
21195033
21195034
21195035
21196005
21196007
21196008
21196009
21196010
21196012
21196014
21197005
21197006
21197007
21197008
21197010
21197011
21197012
21197013
21198001
21198002
21198003
21198004
21198005
21198006
21198007
21198008
21198009
21198010
21198011
21198012
21198013
21198014
21198015
21198020
21198021
21198022
21198023
21198024
21198025
21198026
21198027
21198030
21198031
21199001
21199003
21199004
21199006
21199009
21199010
21199011
21199012
21199014
21199017
21199018
21199021
21199023
21199024
21199025
21199026
21199027
21199028
21199029
21199030
21200001
21200002
21200004
21200006
21200007
21200008
21200009
21200010
21200011
21200012
21200014
21200017
21200019
21200020
21203017
21203018
21203019
21204001
21204002
21204003
21204004
21204006
21204007
21204010
21204012
21204013
21205006
21205007
21205010
21205012
21205013
21205014
21205016
21205020
21205023
21205025
21205027
21205028
21205029
21205030
21205031
21206001
21206002
21206016
21206017
21206019
21206020
21206021
21206022
21206023
21206025
21206026
21206027
21206029
21206030
21207002
21207003
21207004
21207005
21207006
21207007
21207008
21208027
21208028
21208034
21208036
21208038
21208040
21208042
21208043
21209001
21209002
21209003
21209004
21209005
21209006
21209007
21209008
21209009
21209010
21209011
21209012
21209013
21209014
21209015
21209019
21209020
21209022
21209023
21209025
21209026
21209027
21209028
21209029
21209030
21209031
21209032
21210003
21210004
21210005
21210009
21210010
21210011
21210012
21210013
21210014
21210016
21210049
21210052
21211001
21211002
21211003
21211005
21211008
21211010
21211011
21211012
21211013
21211014
21211016
21211018
21211019
21211021
21212001
21212002
21212008
21212009
21212010
21212012
21212015
21212019
21212021
21212022
21212024
21212025
21212031
21212032
21212033
21212034
21212035
21213001
21213002
21213003
21213006
21213007
21213009
21213010
21213012
21213014
21213016
21213017
21213018
21217001
21217004
21217005
21217006
21217008
21217009
21217010
21217011
21217015
21217017
21217018
21217019
21218001
21218003
21218004
21218005
21218007
21218014
21218015
21218017
21218022
21218023
21218025
21218026
21219001
21219002
21219008
21219009
21219010
21219011
21219012
21219014
21219015
21219017
21219018
21219020
21219023
21219026
21219027
21219029
21219030
21219031
21219032
21220002
21220003
21220004
21220005
21220007
21220009
21220016
21220017
21220025
21220026
21220031
21220032
21220033
21220035
21220038
21220039
21220040
21220042
21220043
21221005
21221006
21221007
21221009
21221010
21221012
21221013
21221014
21221015
21221016
21221017
21221018
21221024
21221026
21221027
21221029
21221030
21221031
21221035
21221037
21222001
21222002
21222003
21222004
21222005
21222006
21222008
21222015
21222016
21222018
21222019
21222020
21222021
21222022
21222026
21222027
21222030
21222031
21222032
21222033
21223003
21223005
21223006
21223007
21223016
21223031
21223032
21223033
21223034
21223036
21223038
21223039
21243007
21243008
21243009
21243012
21243013
21243015
21243016
21243033
21243034
21243038
21243042
21243043
21243044
21243045
21243046
21243048
21243049
21243050
21244001
21244002
21244003
21244004
21244006
21244008
21244009
21244010
21244012
21244013
21244014
21244023
21244026
21244027
21244030
21244033
21244034
21244036
21245001
21245003
21245005
21245006
21245007
21245008
21245010
