21173004
21173006
21173008
21173009
21173012
21173014
21173015
21173016
21173017
21189005
21189006
21189011
21189012
21189040
21189041
21190004
21190005
21190006
21190007
21190008
21190010
21190053
21190054
21190055
21190056
21191001
21191002
21191003
21191007
21191008
21191039
21192001
21192002
21192006
21192010
21192011
21192012
21192013
21192014
21192015
21192017
21192018
21192019
21192020
21192022
21192025
21192026
21193001
21193006
21193007
21193008
21193009
21193010
21193011
21193014
21209001
21209002
21209003
21209004
21209005
21209006
21209007
21209008
21209009
21209010
21209011
21209012
21209013
21209014
21209015
21209019
21209020
21209023
21209025
21209026
21209028
21209030
21209032
21210001
21210002
21210003
21210004
21210005
21210012
21210013
21210014
21210015
21210016
21210046
21210047
21210048
21210049
21210050
21210052
21211001
21211002
21211003
21211004
21211005
21211007
21211008
21211011
21211012
21211013
21211014
21211015
21211016
21211017
21211018
21211019
21211020
21211021
21212001
21212002
21212008
21212009
21212010
21212011
21212012
21212014
21212015
21212019
21212021
21212022
21212023
21212024
21212026
21212031
21212032
21212033
21212034
21212035
21213001
21213002
21213004
21213005
21213006
21213007
21213008
21213009
21213010
21213011
21213014
21213016
21213017
21213018
21213020
21217001
21217002
21217004
21217005
21217006
21217007
21217008
21217010
21217011
21217017
21217018
21217019
21217020
21218001
21218002
21218003
21218004
21218005
21218006
21218007
21218014
21218015
21218016
21218017
21218022
21218023
21218024
21218025
21218026
21219001
21219002
21219008
21219009
21219010
21219011
21219012
21219013
21219015
21219016
21219017
21219019
21219020
21219024
21219025
21219026
21219027
21219028
21219029
21219030
21219031
21219032
21219033
21220002
21220003
21220004
21220005
21220006
21220007
21220010
21220015
21220016
21220017
21220020
21220022
21220025
21220032
21220033
21220035
21220037
21220038
21220039
21220040
21220041
21220042
21220043
21221001
21221004
21221005
21221006
21221007
21221008
21221009
21221010
21221011
21221013
21221014
21221015
21221017
21221018
21221022
21221024
21221025
21221026
21221027
21221028
21221029
21221030
21221031
21221037
21222001
21222002
21222003
21222004
21222005
21222006
21222008
21222015
21222016
21222017
21222018
21222019
21222020
21222021
21222022
21222023
21222025
21222026
21222027
21222029
21222032
21223003
21223005
21223006
21223007
21223013
21223015
21223016
21223030
21223031
21223033
21223034
21223036
21223037
21223038
21223039
21223041
21223042
21223043
21224001
21224002
21224003
21224004
21224005
21224007
21224008
21224009
21224010
21224012
21224013
21224015
21224016
21224020
21224021
21224022
21224046
21224047
21224048
21224049
21224050
21225001
21225002
21225003
21225004
21225005
21225006
21225007
21225035
21225041
21225043
21225044
21225045
21225046
21225047
21225048
21225049
21225050
21226006
21226007
21226008
21226010
21226011
21226012
21226013
21226014
21227004
21227005
21227006
21227007
21227009
21227012
21227013
21227017
21227018
21227019
21227020
21227021
21227022
21227023
21227024
21227025
21227026
21227027
21227029
21227030
21227034
21227035
21227036
21227038
21228001
21228002
21228003
21228004
21228005
21228006
21228007
21228008
21228009
21228010
21228012
21228013
21228015
21228017
21228019
21228021
21228022
21228023
21228025
21228026
21228027
21228028
21228029
21228030
21228031
21229001
21229002
21229003
21229004
21229005
21229007
21229008
21229009
21229010
21229011
21229012
21229013
21229015
21229016
21229017
21229018
21229019
21229020
21229021
21229023
21229027
21229028
21229042
21229043
21229044
21229045
21229048
21229049
21230001
21230007
21230008
21230011
21230012
21230013
21230029
21231002
21231003
21231004
21231005
21231006
21231009
21231010
21231011
21231013
21231014
21231015
21231016
21231017
21231020
21231021
21231023
21231024
21231025
21231026
21231028
21231030
21231031
21231032
21231033
21231034
21232001
21232004
21232007
21232008
21232012
21232014
21232015
21233002
21233003
21233005
21233006
21233008
21233009
21233010
21233012
21233013
21233014
21233021
21233023
21233024
21233025
21233026
21233028
21233029
21233030
21233031
21233032
21233033
21233034
21233035
21233036
21233037
21233038
21233039
21234001
21234002
21234003
21234004
21234005
21234006
21234007
21234009
21234010
21234011
21234015
21234016
21234017
21234018
21234019
21234020
21234021
21234022
21234023
21234025
21234026
21234028
21234030
21234031
21234032
21235001
21235005
21235006
21235007
21235008
21235009
21235011
21235013
21235014
21235015
21235017
21235020
21235021
21235023
21235024
21235025
21235026
21235027
21235028
21235029
21235034
21235035
21235036
21235037
21235038
21235039
21235040
21235041
21235042
21236002
21236003
21236004
21236006
21236007
21236008
21236010
21236011
21236012
21236013
21236014
21236017
21236018
21236019
21236020
21236021
21236022
21236024
21236025
21236027
21236028
21236029
21236030
21236031
21236032
21236033
21236034
21236035
21237001
21237004
21237005
21237006
21237007
21237008
21237009
21237010
21237011
21237012
21237021
21237022
