21169035
21170002
21170008
21170017
21170020
21171002
21171013
21171016
21171027
21171030
21171031
21171032
21171036
21172009
21172012
21172014
21172032
21172033
21173006
21173014
21173019
21173022
21173024
21173025
21173029
21173030
21173031
21173032
21174001
21174002
21174003
21174008
21174009
21174049
21174050
21175007
21175008
21175009
21175032
21175034
21176005
21176006
21176009
21176010
21176012
21176014
21176020
21176023
21176024
21176025
21176028
21176029
21177001
21177002
21177004
21177005
21177006
21177007
21177008
21177009
21177010
21177011
21177012
21177016
21177017
21177018
21177019
21177020
21177021
21177022
21177024
21177026
21177028
21177031
21177032
21178007
21178008
21178009
21178010
21178012
21178013
21178028
21178030
21178031
21179001
21179002
21179004
21179007
21179008
21179011
21179012
21179014
21179018
21179019
21179021
21179022
21179023
21179024
21179037
21179040
21180001
21180003
21180004
21180006
21180007
21180008
21180010
21180025
21180026
21180028
21180029
21180030
21180031
21180033
21181001
21181002
21181005
21181006
21181008
21181009
21181011
21181012
21181013
21181015
21181016
21181017
21181018
21181019
21181020
21181021
21181022
21181023
21181024
21181025
21181027
21181028
21181031
21181032
21181033
21181034
21181035
21182001
21182002
21182005
21182006
21182007
21182009
21182011
21182021
21182038
21182041
21182043
21182046
21182047
21182050
21183001
21183003
21183004
21183005
21183007
21183014
21183015
21183017
21183018
21183020
21183022
21183023
21183024
21183025
21184010
21184011
21184012
21184013
21184014
21184025
21184027
21184030
21184033
21184034
21185003
21185004
21185005
21185006
21185007
21185008
21185009
21185010
21185011
21185012
21185019
21185020
21185021
21185037
21185038
21186010
21186011
21186012
21186013
21186014
21186015
21186017
21186018
21186019
21186020
21186021
21186023
21186025
21186026
21187001
21187005
21187008
21187009
21187015
21187016
21187023
21187024
21187025
21187026
21187027
21187032
21188001
21188003
21188004
21188005
21188008
21188009
21188010
21188011
21188012
21188013
21188014
21188016
21188017
21188029
21188030
21188031
21188032
21189001
21189002
21189003
21189006
21189011
21189012
21189039
21189040
21190002
21190003
21190004
21190005
21190006
21190008
21190010
21190053
21190054
21190055
21191001
21191002
21191003
21191004
21191007
21191008
21191009
21191039
21192001
21192002
21192006
21192007
21192009
21200018
21200019
21200020
21203018
21203019
21204002
21204003
21204004
21204007
21204008
21204009
21204012
21204013
21205008
21205010
21208043
21209001
21209002
21209003
21209004
21209005
21209006
21209007
21209008
21209009
21209010
21209011
21209012
21209013
21209014
21209020
21209022
21209023
21209025
21209026
21209028
21209030
21209031
21209032
21210001
21210002
21210003
21210004
21210009
21210010
21210013
21210014
21210015
21210047
21210049
21210050
21210052
21211001
21211002
21211004
21211005
21211007
21211008
21211012
21211013
21211014
21211015
21211016
21211017
21211018
21211020
21211021
21212002
21212008
21212009
21212011
21212012
21212015
21212022
21212024
21212025
21212026
21212031
21212032
21212035
21213001
21213002
21213003
21213004
21213005
21213006
21213007
21213008
21213010
21213011
21213012
21213018
21213019
21213020
21217001
21217002
21217003
21217004
21217005
21217006
21217007
21217008
21217009
21217010
21217011
21217016
21217017
21217018
21217020
21218001
21218003
21218006
21218013
21218014
21218015
21218016
21218017
21218020
21218021
21218022
21218023
21218024
21218026
21219001
21219011
21219012
21219014
21219020
21219023
21219024
21219025
21219027
21219028
21219029
21219030
21219031
21219032
21219033
21220003
21220004
21220005
21220006
21220017
21220019
21220026
21220031
21220032
21220036
21220041
21220042
21220043
21221001
21221003
21221005
21221007
21221008
21221011
21221014
21221015
21221018
21221024
21221025
21221026
21221027
21221028
21221029
21221030
21221031
21221037
21222001
21222002
21222003
21222004
21222005
21222006
21222015
21222017
21222018
21222019
21222021
21222023
21222026
21222027
21222029
21222030
21222031
21222032
21222033
21223002
21223005
21223007
21223014
21223030
21223033
21223034
21223036
21223038
21223041
21223043
21224003
21224004
21224008
21224009
21224010
21224013
21224015
21224017
21224022
21224046
21224047
21224049
21225001
21225003
21225004
21225005
21225006
21225007
21225041
21225042
21225044
21225045
21225046
21225047
21225048
21226003
21226006
21226007
21226012
21227004
21227006
21227007
21227012
21227013
21227017
21227018
21227019
21227020
21227021
21227023
21227024
21227026
21227027
21227029
21227034
21227035
21227038
21228002
21228004
21228005
21228006
21228007
21228008
21228009
21228012
21228013
21228014
21228017
21228019
21228022
21228023
21228025
21228026
21228027
21228029
21228030
21229001
21229002
21229003
21229004
21229005
21229007
21229009
21229010
21229011
21229012
21229016
21229017
21229018
21229019
21229020
21229021
21229027
21229028
21229041
21229042
21229043
21229044
21229045
21229049
21230007
21230008
21230009
21230011
21230012
21230013
21230029
21231002
21231003
21231004
21231005
21231006
21231009
21231010
21231011
21231013
21231014
21231015
21231016
21231017
21231020
21231021
21231023
21231024
21231026
21231028
21231030
21231031
21231032
21231034
21232001
21232004
21232007
21232008
21232012
21232014
21233003
21233006
21233008
21233013
21233021
21233022
21233023
21233024
21233025
21233026
21233027
21233028
21233029
21233030
21233031
21233032
21233033
21233034
21233035
21233037
21233039
21234001
21234003
21234004
21234010
21234011
21234015
21234016
21234018
21234019
21234020
21234021
21234022
21234023
21234025
21234026
21234028
21234029
21234030
21234031
21235001
21235005
21235007
21235009
21235011
21235014
21235017
21235020
21235021
21235022
21235023
21235024
21235025
21235026
21235029
21235035
21235036
21235037
21235038
21235040
21235041
21235042
21236002
21236003
21236004
21236005
21236006
21236008
21236010
21236011
21236012
21236013
21236017
21236018
21236019
21236021
21236022
21236023
21236024
21236025
21236026
21236027
21236029
21236030
21236032
21236033
21236034
21236035
21237004
21237005
21237006
21237007
21237008
21237010
21237022
21237023
21237032
21237034
21237035
21238004
21238005
21238006
21238007
21238009
21238010
21238014
21238015
21238017
21238019
21238020
21238024
21238025
21238028
21238029
21238030
21238031
21238032
21238033
21238045
21239001
21239002
21239003
21239004
21239011
21239012
21239014
21239015
21239016
21239019
21239022
21239023
21239024
21239025
21239026
21239027
21239028
21239030
21239031
21240001
21240002
21240003
21240004
21240005
21240006
21240010
21241005
21241006
21241007
21241008
21241009
21241010
21241011
21241012
21241013
21241014
21241015
21241016
21241018
21241022
21241025
21241027
21241028
21241030
21241031
21241032
21242001
21242007
21242009
21242012
21242015
21242016
21242018
21242019
21242020
21242025
21242026
21242027
21242028
21242031
21242032
21242033
21243002
21243003
21243004
21243006
21243007
21243008
21243009
21243010
21243013
21243014
21243034
21243038
21243040
21243042
21243043
21243045
21243046
21243047
21243048
21243049
21243050
21244001
21244002
21244003
21244004
21244006
21244007
21244008
21244014
21244022
21244023
21244025
21244028
21244029
21244031
21244032
21244033
21245001
21245005
21245007
21245010
