21174002
21174003
21174004
21174006
21174050
21175006
21175026
21175031
21176001
21176006
21176010
21176014
21176015
21176016
21176020
21176021
21176023
21176028
21177001
21177002
21177004
21177005
21177008
21177010
21177011
21177012
21177016
21177017
21177019
21177020
21177021
21177022
21177024
21177026
21177027
21177031
21177032
21178003
21178007
21178008
21178009
21178010
21178012
21178013
21178028
21178029
21178031
21179002
21179004
21179007
21179010
21179014
21179018
21179019
21179021
21179022
21179023
21179024
21179026
21179033
21179037
21179038
21179039
21180003
21180004
21180006
21180007
21180008
21180012
21180014
21180025
21180026
21180028
21180029
21180030
21180031
21180033
21181001
21181002
21181005
21181006
21181008
21181009
21181012
21181013
21181015
21181016
21181017
21181019
21181020
21181021
21181022
21181023
21181024
21181025
21181027
21181028
21181029
21181030
21181031
21181032
21181033
21181034
21181035
21182001
21182009
21182021
21182037
21182041
21182045
21182046
21182047
21182050
21182052
21183001
21183003
21183004
21183007
21183013
21183014
21183015
21183017
21183018
21183019
21184010
21184012
21184014
21184015
21184027
21184028
21184029
21184030
21184032
21184033
21184034
21185001
21185002
21185003
21185004
21185008
21185009
21185011
21185012
21185019
21185020
21185021
21185038
21186009
21186010
21186011
21186012
21186013
21186015
21186017
21186018
21186019
21186020
21186022
21186023
21186024
21186025
21186027
21186028
21187001
21187002
21187003
21187004
21187005
21187008
21187009
21187010
21187015
21187016
21187017
21187019
21187021
21187022
21187024
21187025
21187026
21187027
21187029
21187032
21188002
21188003
21188004
21188007
21188008
21188009
21188010
21188011
21188012
21188015
21188016
21188028
21188030
21188031
21188032
21189002
21189003
21189004
21189006
21189012
21189039
21189040
21190001
21190002
21190003
21190004
21190005
21190006
21190008
21190010
21190053
21190054
21190055
21190056
21191001
21191002
21191003
21191004
21191007
21191008
21191009
21191039
21192001
21192002
21192006
21192007
21192008
21192010
21192011
21192012
21192013
21192014
21192015
21192017
21192018
21192019
21192020
21192022
21192024
21192025
21192026
21193001
21193006
21193007
21193009
21193010
21193013
21193014
21193015
21193018
21193019
21193020
21193021
21193022
21193027
21193029
21193033
21194001
21194002
21194024
21194026
21194027
21194028
21194029
21194030
21194031
21194034
21194035
21194036
21195001
21195003
21195005
21195007
21195008
21195009
21195017
21195019
21195020
21195025
21195026
21195027
21195028
21195029
21195031
21195032
21195033
21195034
21196004
21196007
21196008
21196009
21196010
21196011
21196012
21196013
21196014
21197003
21197007
21197008
21197009
21197010
21197011
21197012
21198001
21198002
21198004
21198006
21198007
21198008
21198009
21198010
21198012
21198013
21198014
21198015
21198016
21198019
21198020
21198022
21198023
21198024
21198025
21198030
21198031
21199001
21199002
21199004
21199005
21199006
21199009
21199010
21199011
21199012
21199013
21199018
21199019
21199020
21199023
21199024
21199026
21199027
21199028
21199029
21199030
21200002
21200003
21200004
21200005
21200006
21200007
21200008
21200010
21200011
21200012
21200013
21200017
21200018
21200019
21200020
21203017
21203018
21203019
21204001
21204002
21204003
21204004
21204005
21204006
21204007
21204008
21204009
21204010
21204012
21204013
21205007
21205010
21205011
21205012
21205014
21205015
21205016
21205020
21205023
21205025
21205027
21205028
21205029
21205030
21205031
21206003
21206005
21206007
21206008
21206016
21206017
21206018
21206019
21206020
21206021
21206025
21206027
21206028
21206029
21206030
21207003
21207005
21207007
21207008
21208027
21208034
21208035
21208036
21208037
21208038
21208039
21208042
21208043
21209001
21209002
21209003
21209004
21209005
21209006
21209010
21209011
21209012
21209014
21209015
21209020
21209022
21209023
21209026
21209027
21209028
21209030
21209031
21209032
21210001
21210002
21210003
21210004
21210005
21210009
21210010
21210011
21210015
21210016
21210047
21210050
21210052
21211001
21211003
21211004
21211008
21211010
21211011
21211012
21211014
21211015
21211016
21211017
21211018
21211019
21211021
21212002
21212009
21212010
21212011
21212012
21212015
21212022
21212023
21212024
21212031
21212032
21212033
21212034
21212035
21213002
21213004
21213005
21213006
21213007
21213008
21213009
21213012
21213014
21213016
21213017
21213018
21213019
21217004
21217005
21217006
21217007
21217009
21217010
21217011
21217015
21217016
21217018
21217019
21217020
21218001
21218002
21218006
21218007
21218013
21218014
21218015
21218016
21218017
21218020
21218021
21218022
21218023
21218024
21218025
21219001
21219002
21219008
21219009
21219010
21219011
21219013
21219014
21219018
21219019
21219020
21219023
21219024
21219025
21219026
21219027
21219028
21219029
21219030
21219031
21219032
21219033
21220002
21220004
21220005
21220006
21220007
21220009
21220010
21220017
21220019
21220020
21220023
21220025
21220026
21220031
21220032
21220033
21220034
21220035
21220037
21220038
21220039
21220040
21220041
21220042
21220043
21221001
21221002
21221003
21221004
21221005
21221006
21221007
21221008
21221009
21221011
21221013
21221014
21221015
21221016
21221017
21221023
21221024
21221025
21221026
21221027
21221028
21221029
21222004
21222005
21222006
21222008
21222015
21222016
21222018
21222019
21222020
21222021
21222023
21222027
21222029
21222030
21222032
21223002
21223003
21223005
21223006
21223007
21223013
21223014
21223015
21223030
21223031
21223032
21223033
21223034
21223035
21223037
21223038
21223039
21223041
21223042
21223043
21224001
21224002
21224003
21224004
21224005
21224006
21224007
21224008
21224009
21224012
21224013
21224014
21224015
21224016
21224020
21224021
21224046
21224047
21224048
21224049
21224050
21225001
21225003
21225005
21225006
21225007
21225042
21225043
21225044
21225045
21225047
21225048
21225049
21226003
21226006
21226007
21226010
21226012
21226014
21227004
21227005
21227006
21227007
21227009
21227012
21227018
21227020
21227021
21227022
21227023
21227025
21227026
21227027
21227029
21227030
21227034
21227036
21227038
21228001
21228002
21228004
21228005
21228006
21228009
21228011
21228012
21228013
21228015
21228017
21228019
21228020
21228021
21228022
21228023
21228025
21228027
21228029
21228030
21228031
21229001
21229002
21229003
21229004
21229005
21229006
21229008
21229009
21229011
21229012
21229015
21229017
21229019
21229020
21229021
21229027
21229028
21229043
21229044
21229045
21229046
21229049
21230001
21230002
