21030030
21030033
21034023
21034024
21034026
21034027
21034028
21034029
21036017
21036022
21036025
21036026
21036027
21036028
21036031
21036032
21036033
21037001
21037003
21037004
21037006
21037007
21037009
21037010
21037011
21037012
21037013
21037014
21037015
21037016
21037017
21037018
21037019
21037025
21037030
21037031
21037047
21037051
21037052
21037053
21037054
21037055
21037056
21037058
21037063
21038001
21038002
21038004
21038005
21038006
21038007
21038009
21038010
21038011
21038013
21038020
21038021
21038022
21038023
21038028
21038033
21038035
21038036
21038037
21038038
21038041
21038042
21038043
21038048
21038049
21038050
21039001
21039002
21039003
21039004
21039005
21039006
21039008
21039010
21039011
21039013
21039014
21039016
21039018
21039020
21039021
21039023
21039025
21039026
21039028
21039029
21039032
21039035
21039041
21039043
21039044
21039045
21039046
21039047
21039048
21039049
21039050
21040001
21040002
21040003
21040005
21040006
21040007
21040008
21040009
21040010
21040012
21040013
21040014
21040015
21040016
21040017
21040020
21040021
21040022
21040024
21040025
21040027
21040028
21040029
21040031
21040033
21040034
21040035
21040038
21040039
21040041
21040043
21041001
21041002
21041004
21041005
21041006
21041007
21041008
21041010
21041012
21041013
21170001
21170011
21170018
21170023
21170024
21170033
21170035
21171008
21171031
21171032
21171036
21171037
21171040
21172013
21172014
21172032
21172033
21172035
21173004
21173009
21173017
21173020
21173022
21173024
21173026
21173028
21173029
21173030
21173031
21173032
21174001
21174002
21174003
21174004
21174005
21174006
21174008
21174009
21174011
21174050
21175008
21175030
21175033
21176002
21176004
21176011
21176012
21176013
21176014
21176015
21176016
21176021
21176025
21176029
21177001
21177002
21177003
21177004
21177007
21177008
21177009
21177010
21177011
21177012
21177017
21177018
21177019
21177021
21177022
21177027
21177028
21177030
21177032
21178003
21178007
21178008
21178009
21178012
21178013
21178029
21178030
21178031
21179001
21179002
21179005
21179006
21179007
21179008
21179010
21179011
21179014
21179018
21179019
21179021
21179023
21179024
21179033
21179036
21179037
21179039
21179040
21180001
21180004
21180006
21180007
21180008
21180010
21180012
21180014
21180029
21180031
21180033
21181001
21181004
21181005
21181006
21181009
21181011
21181012
21181013
21181015
21181016
21181017
21181018
21181019
21181020
21181021
21181022
21181024
21181026
21181027
21181029
21181032
21181033
21181035
21182001
21182002
21182003
21182005
21182007
21182009
21182011
21182021
21182041
21182045
21182046
21182047
21182048
21182049
21182050
21183001
21183003
21183004
21183013
21183014
21183018
21224020
21224021
21224022
21224048
21225001
21225002
21225042
21225049
21225050
21226006
21226007
21226008
21226011
21226012
21226013
21226014
21227004
21227005
21227009
21227012
21227013
21227018
21227019
21227020
21227021
21227024
21230008
21230009
21230011
21230012
21230013
21230029
21231002
21231003
21231004
21231005
21231009
21231011
21231013
21231014
21231015
21231016
21231017
21231020
21231021
21231023
21231024
21231025
21231026
21231028
21231030
21231031
21231033
21231034
21232001
21232004
21232007
21232008
21232013
21232015
21233002
21233003
21233005
21233008
21233009
21233010
21233012
21233013
21233014
21233021
21233022
21233023
21233025
21233026
21233028
21233033
21233035
21233037
21234001
21234002
21234003
21234004
21234005
21234006
21234007
21234009
21234010
21234011
21234015
21234016
21234018
21234019
21234021
21234022
21234023
21234025
21234026
21234028
21234029
21234030
21234031
21234032
21235001
21235003
21235005
21235006
21235007
21235008
21235015
21235016
21235017
21235022
21235023
21235024
21235025
21235027
21235034
21235035
21235036
21235038
21235039
21235040
21235041
21235042
21236002
21236006
21236011
21236012
21236013
21236014
21236017
21236018
21236019
21236020
21236021
21236023
21236025
21236026
21236027
21236028
21236030
21236031
21236032
21236033
21236035
21237001
21237004
21237006
21237007
21237008
21237009
21237010
21237013
21237022
21237023
21237032
21237035
21237037
21238004
21238005
21238007
21238008
21238010
21238013
21238014
21238019
21238020
21238021
21238025
21238026
21238027
21238028
21238029
21238032
21238033
21238043
21239002
21239003
21239004
21239012
21239014
21239015
21239016
21239017
21239018
21239022
21239024
21239025
21239026
21239027
21239028
21239029
21239030
21239031
21240001
21240002
21240003
21240005
21240006
21240009
21240010
21241005
21241007
21241008
21241009
21241010
21241011
21241012
21241013
21241014
21241015
21241016
21241017
21241021
21241022
21241025
21241026
21241027
21241030
21241031
21241032
21242007
21242008
21242009
21242011
21242012
21242014
21242015
21242016
21242017
21242020
21242022
21242023
21242024
21242025
21242027
21242028
21242029
21242030
21242031
21242032
21242033
21243001
21243004
21243006
21243008
21243012
21243013
21243015
21243016
21243033
21243038
21243044
21243045
21243046
21243047
21243048
21243050
21244001
21244002
21244003
21244004
21244006
21244009
21244010
21244011
21244012
21244013
21244022
21244024
21244025
21244026
21244027
21244028
21244029
21244031
21244032
21244033
21244034
21244036
21245001
21245006
21245007
21245008
21245009
