21030030
21034022
21034023
21034024
21034025
21034026
21034027
21034028
21034029
21034030
21036018
21036022
21036025
21038007
21038009
21038010
21038011
21038013
21038020
21038021
21038023
21038028
21038029
21038031
21038033
21038034
21038035
21038036
21038037
21038038
21038041
21038042
21038043
21038047
21038048
21038049
21038050
21039001
21039003
21039004
21039005
21039006
21039007
21039009
21039011
21039013
21039014
21039016
21039018
21039020
21039021
21039023
21039024
21039025
21039026
21039028
21039029
21039032
21039035
21039040
21039043
21039044
21039045
21039046
21039047
21039050
21040001
21040002
21040003
21040005
21040007
21040009
21040012
21040014
21040015
21040016
21040020
21040021
21040022
21040024
21040025
21040027
21040028
21040031
21040033
21040034
21040035
21040038
21040039
21040040
21040041
21040042
21041001
21041002
21041004
21041005
21041006
21041010
21041011
21041012
21041013
