21065022
21065024
21065026
21065028
21065029
21065030
21065035
21065036
21065038
21065039
21065040
21065041
21065042
21066002
21066003
21066004
21066005
21066006
21066007
21066008
21066009
21066010
21066011
21066012
21066016
21066017
21066018
21066019
21066020
21066022
21066023
21066024
21066025
21066028
21066029
21066030
21066031
21066033
21066034
21066035
21066036
21066041
21067001
21067002
21067003
21067004
21067005
21067007
21067017
21067018
21067020
21067021
21067022
21067023
21067024
21067025
21067026
21067027
21067028
21067029
21076012
21076013
21076014
21076015
21076022
21076023
21076025
21076026
21076027
21076028
21076029
21076039
21076040
21077004
21077005
21077006
21077008
21077011
21077014
21077016
21077017
21077027
21077029
21169037
21169038
21170006
21170011
21171008
21171013
21171016
21171017
21171025
21171026
21171027
21171028
21171030
21171031
21171032
21171033
21172006
21172032
21172033
21173018
21173031
21174004
21174009
21175007
21175009
21183018
21183019
21183021
21183022
21183023
21183024
21183025
21184011
21184013
21184014
21184028
21184030
21184032
21185001
21185002
21185003
21185004
21185005
21185006
21185008
21185009
21185011
21185012
21185013
21185020
21185021
21185037
21185038
21186009
21186010
21186011
21186012
21186013
21186014
21186015
21186016
21186017
21186019
21186020
21186021
21186022
21186023
21186024
21186025
21186026
21186027
21186028
21187001
21187002
21187003
21187004
21187005
21187006
21187008
21187009
21187010
21187015
21187016
21187017
21187019
21187020
21187021
21187022
21187023
21187024
21187025
21187026
21187027
21187029
21187030
21187031
21187032
21188001
21188002
21188003
21188006
21188007
21188009
21188011
21188013
21188014
21188015
21188016
21188017
21188027
21188028
21188029
21188030
21188031
21188032
21189002
21189003
21189004
21189005
21189006
21189011
21189012
21189039
21189040
21190001
21190002
21190004
21190005
21190006
21190007
21190009
21190053
21190054
21190055
21190056
21191001
21191002
21191003
21191004
21191008
21191039
21192001
21192002
21192006
21192007
21192008
21192009
21192011
21192014
21192015
21192017
21192018
21192019
21192020
21192022
21192024
21192026
21193001
21193006
21193007
21193009
21193010
21193011
21193014
21193015
21193018
21193019
21193020
21193021
21193022
21193024
21193027
21193028
21193029
21193031
21193032
21193033
21194001
21194002
21194026
21194027
21194028
21194029
21194031
21194032
21194034
21194035
21194036
21195002
21195003
21195004
21195005
21195007
21195008
21195009
21195010
21195017
21195018
21195020
21195025
21195026
21195027
21195029
21195030
21195031
21195032
21195033
21195034
21195035
21196003
21196005
21196007
21196008
21196009
21196010
21196011
21196012
21196013
21196014
21197006
21197007
21197008
21197011
21197012
21197013
21198001
21198002
21198003
21198004
21198005
21198006
21198007
21198009
21198010
21198011
21198012
21198013
21198014
21198015
21198016
21198019
21198020
21198021
21198022
21198024
21198025
21198026
21198027
21198030
21198031
21199001
21199003
21199004
21199009
21199010
21199011
21199013
21199014
21199015
21199017
21199018
21199020
21199021
21199023
21199024
21199026
21199028
21199029
21199030
21200001
21200003
21200005
21200006
21200007
21200008
21200009
21200010
21200011
21200013
21200014
21200018
21200019
21200020
21203018
21203019
21204001
21204002
21204003
21204004
21204005
21204007
21204008
21204009
21204010
21204012
21205006
21205007
21205010
21205011
21205012
21205013
21205014
21205015
21205016
21205020
21205025
21205027
21205028
21205029
21205030
21205031
21205032
21206016
21206018
21206019
21206020
21206021
21206022
21206027
21206028
21206029
21206030
21207002
21207003
21207004
21207005
21207007
21207008
21208027
21208028
21208034
21208036
21208038
21208039
21208040
21208042
21208043
21209001
21209002
21209003
21209004
21209005
21209006
21209009
21209010
21209011
21209012
21209013
21209014
21209015
21209020
21209025
21209027
21209028
21209030
21209031
21209032
21210001
21210002
21210003
21210004
21210009
21210011
21210013
21210014
21210016
21210048
21210050
21210052
21211001
21211002
21211004
21211007
21211008
21211009
21211010
21211011
21211012
21211013
21211014
21211015
21211016
21211017
21211018
21211020
21211021
21212001
21212011
21212014
21212015
21212023
21212032
21212033
21212035
21213001
21213003
21213005
21213006
21213009
21213011
21213012
21213013
21213014
21213016
21213017
21213019
21217001
21217002
21217004
21217005
21217006
21217007
21217008
21217009
21217010
21217011
21217015
21217016
21217017
21217018
21217019
21217020
21218002
21218003
21218005
21218015
21218016
21218017
21218020
21218021
21218022
21218023
21219002
21219010
21219011
21219012
21219013
21219014
21219015
21219017
21219018
21219020
21219023
21219024
21219025
21219026
21219029
21219030
21219031
21219032
21220002
21220004
21220006
21220007
21220015
21220017
21220019
21220020
21220023
21220032
21220034
21220035
21220036
21220037
21220038
21220039
21220042
21220043
21221002
21221003
21221006
21221008
21221009
21221010
21221012
21221013
21221014
21221015
21221016
21221017
21221022
21221023
21221024
21221025
21221027
21221028
21221029
21221037
21222002
21222003
21222005
21222006
21222016
21222019
21222020
21222021
21222022
21222023
21222025
21222026
21222027
21222029
21222031
21222033
21223002
21223003
21223005
21223006
21223007
21223014
21223015
21223016
21223030
21223032
21223033
21223034
21223036
21223037
21223038
21223041
21223043
21224001
21224002
21224003
21224005
21224007
21224008
21224009
21224010
21224012
21224013
21224015
21224017
21224020
21224021
21224047
21224048
21225001
21225002
21225003
21225004
21225042
21225047
21225048
21225049
21225050
21226006
21226007
21226008
21226010
21226014
21227004
21227005
21227018
21227019
21227020
21227021
21227022
21227023
21227024
21227025
21227026
21227027
21227030
21227035
21228023
21228025
21228026
21228027
21228028
21228029
21228030
21229001
21229002
21229003
21229004
21229007
21229008
21229009
21229010
21229011
21229012
21229013
21229015
21229016
21229018
21229020
21229028
21229041
21229042
21229044
