21169035
21169037
21169039
21170002
21170008
21170009
21170013
21170016
21170018
21170023
21170029
21170030
21170031
21170035
21170036
21171003
21171007
21171008
21171026
21171028
21171031
21171032
21171041
21172002
21172006
21172008
21172009
21172012
21172013
21172014
21172032
21172034
21172037
21173008
21173012
21173014
21173016
21173017
21173019
21173020
21173022
21173024
21173028
21173029
21173031
21174005
21174006
21174049
21174050
21174052
21175007
21175032
21175033
21175034
21176005
21176009
21176010
21176014
21176015
21176016
21176021
21176027
21177002
21177003
21177004
21177005
21177006
21177007
21177008
21177009
21177012
21177016
21177017
21177019
21177021
21177022
21177024
21177027
21177028
21177030
21177031
21178003
21178007
21178008
21178009
21178010
21178013
21178028
21178029
21178030
21179002
21179004
21179005
21179006
21179007
21179010
21179011
21179012
21179014
21179018
21179019
21179021
21179022
21179023
21179024
21179026
21179033
21179036
21179037
21179038
21179039
21180001
21180004
21180006
21180007
21180008
21180012
21180014
21180026
21180028
21180030
21180031
21180033
21181002
21181004
21181005
21181006
21181009
21181012
21181013
21181015
21181016
21181017
21181018
21181019
21181020
21181021
21181022
21181024
21181027
21181028
21181029
21181030
21181031
21181032
21181033
21181034
21182001
21182002
21182003
21182005
21182006
21182007
21182009
21182011
21182021
21182041
21182043
21182046
21182047
21182048
21182050
21182052
21183001
21183003
21183004
21183005
21183013
21183014
21183015
21183018
21183020
21183022
21183023
21183025
21184010
21184011
21184013
21184014
21184025
21184027
21184028
21184029
21184030
21184032
21184034
21185001
21185002
21185004
21185007
21185008
21185009
21185010
21185012
21185013
21185020
21185021
21185037
21185038
21186009
21186010
21186011
21186012
21186013
21186014
21186015
21186016
21186017
21186018
21186020
21186025
21186026
21186027
21186028
21187001
21187002
21187003
21187004
21187008
21187009
21187010
21187015
21187017
21187019
21187020
21187021
21187023
21187025
21187026
21187027
21187029
21187030
21187032
21188004
21188005
21188006
21188007
21188008
21188010
21188011
21188012
21188013
21188016
21188028
21188029
21188030
21188031
21188032
21189002
21189003
21189004
21189005
21189011
21189012
21189039
21189040
21190001
21190002
21190003
21190004
21190006
21190007
21190008
21190053
21190054
21190055
21190056
21191001
21191002
21191003
21191004
21191007
21191008
21191039
21192002
21192006
21192007
21192008
21192009
21192010
21192011
21192012
21192013
21192014
21192017
21192018
21192022
21192024
21192025
21192026
21193001
21193007
21193009
21193011
21193013
21193014
21193015
21193018
21193019
21193020
21193022
21193024
21193026
21193028
21193031
21193032
21193033
21194001
21194002
21194024
21194026
21194027
21194028
21194029
21194030
21194031
21194034
21194035
21195001
21195002
21195003
21195004
21195005
21195007
21195009
21195014
21195017
21195023
21195025
21195026
21195027
21195028
21195029
21195031
21195032
21195033
21195034
21195035
21196003
21196004
21196005
21196007
21196008
21196009
21196011
21196012
21196013
21196014
21197003
21197005
21197007
21197010
21197011
21197012
21197013
21198001
21198002
21198003
21198004
21198005
21198006
21198007
21198009
21198010
21198012
21198013
21198014
21198015
21198016
21198021
21198023
21198024
21198027
21198029
21198030
21199002
21199003
21199004
21199006
21199009
21199011
21199013
21199014
21199015
21199020
21199021
21199024
21199025
21200001
21200003
21200004
21200005
21200006
21200007
21200008
21200009
21200010
21200011
21200012
21200013
21200014
21200017
21200018
21200019
21200020
21227036
21227038
21228001
21228002
21228003
21228005
21228006
21228007
21228009
21228010
21228011
21228012
21228014
21228015
21228017
21228019
21228022
21228023
21228025
21228027
21228028
21228030
21228031
21229001
21229002
21229003
21229004
21229005
21229007
21229008
21229009
21229010
21229011
21229012
21229013
21229015
21229016
21229017
21229018
21229019
21229021
21229027
21229028
21229041
21229042
21229043
21229044
21229045
21229049
21230002
21230008
21230009
21230011
21230013
21230029
21231002
21231003
21231004
21231005
21231006
21231009
21231010
21231011
21231013
21231014
21231015
21231016
21231017
21231020
21231021
21231022
21231023
21231024
21231025
21231027
21231028
21231030
21231031
21231032
21231033
21231034
21232001
21232004
21232008
21232013
21232014
21232015
21233003
21233008
21233009
21233010
21233012
21233013
21233014
21233021
21233022
21233023
21233024
21233025
21233026
21233027
21233028
21233029
21233030
21233031
21233033
21233034
21233035
21233036
21233038
21233039
21234001
21234002
21234003
21234004
21234005
21234006
21234009
21234010
21234011
21234015
21234016
21234017
21234018
21234019
21234020
21234021
21234023
21234025
21234026
21234028
21234029
21234030
21234031
21234032
21235001
21235003
21235005
21235006
21235007
21235009
21235011
21235013
21235017
21235020
21235021
21235022
21235023
21235024
21235025
21235026
21235027
21235028
21235029
21235034
21235037
21235038
21235039
21235040
21235041
21236002
21236004
21236005
21236006
21236008
21236010
21236011
21236013
21236014
21236017
21236018
21236019
21236020
21236021
21236022
21236023
21236024
21236025
21236028
21236029
21236030
21236031
21236032
21236033
21236034
21237001
21237004
21237005
21237006
21237007
21237008
21237009
21237010
21237011
21237012
21237014
21237021
21237022
21237023
21237032
21237034
21237035
21237037
21237038
21238004
21238005
21238008
21238009
21238010
21238013
21238014
21238017
21238019
21238020
21238021
21238024
21238028
21238029
21238030
21238031
21238032
21238037
21238043
21239001
21239002
21239003
21239004
21239010
21239011
21239012
21239013
21239014
21239015
21239016
21239017
21239018
21239019
21239022
21239023
21239025
21239026
21239027
21239029
21239030
21239031
21240001
21240002
21240003
21240004
21240005
21240006
21240009
21240010
21241005
21241006
21241007
21241008
21241009
21241011
21241013
21241014
21241015
21241016
21241017
21241021
21241022
21241025
21241026
21241027
21241028
21241030
21241031
21241032
21242001
21242007
21242008
21242009
21242011
21242015
21242017
21242019
21242020
21242021
21242022
21242025
21242026
21242027
21242029
21242030
21242031
21242032
21242033
21243001
21243002
21243004
21243007
21243009
21243010
21243012
21243013
21243014
21243015
21243016
21243033
21243034
21243043
21243044
21243046
21243047
21243048
21243049
21244004
21244006
21244007
21244013
21244014
21244022
21244023
21244026
21244027
21244028
21244030
21244031
21244032
21244033
21244034
21244036
21245001
21245004
21245005
21245006
21245008
21245009
21245010
