21172012
21172013
21172033
21172034
21173014
21173017
21173020
21173027
21173030
21174011
21174049
21174050
21174051
21174052
21175003
21175004
21175006
21175007
21175008
21175023
21175025
21175032
21175034
21176001
21176002
21176003
21176008
21176009
21176010
21176012
21176013
21176014
21176016
21176020
21176021
21176023
21176027
21176028
21177001
21177002
21177003
21177004
21177006
21177008
21177016
21177017
21177018
21177019
21177021
21177022
21177024
21177027
21177030
21177031
21178003
21178007
21178008
21178012
21178028
21178029
21178030
21179001
21179002
21179005
21179007
21179008
21179010
21179011
21179018
21179019
21179021
21179022
21179023
21179024
21179026
21179037
21179038
21180001
21180003
21180004
21180007
21180008
21180012
21180014
21180025
21180031
21180033
21181001
21181002
21181004
21181005
21181006
21181008
21181009
21181011
21181012
21181013
21181015
21181016
21181017
21181018
21181020
21181021
21181023
21181029
21181030
21181031
21181032
21181033
21181034
21181035
21182001
21182003
21182005
21182007
21182011
21182021
21182047
21182048
21182049
21183001
21183005
21183013
21183014
21183015
21183018
21183023
21184010
21184011
21184012
21184013
21184015
21184025
21184027
21184029
21184033
21185001
21185002
21185004
21185006
21185008
21185009
21185013
21185037
21186012
21186013
21186015
21186016
21186017
21186018
21186021
21186022
21186023
21186024
21186025
21186027
21186028
21187001
21187002
21187004
21187005
21187006
21187008
21187010
21187015
21187017
21187019
21187022
21187023
21187026
21187027
21187029
21187030
21187031
21188001
21188004
21188005
21188006
21188007
21188008
21188009
21188010
21188012
21188014
21188015
21188016
21188029
21188031
21188032
21189001
21189002
21189003
21189005
21189006
21189012
21189039
21189040
21189041
21190001
21190002
21190005
21190006
21190010
21190053
21190054
21190055
21190056
21191001
21191003
21191004
21191007
21191008
21191009
21192001
21192002
21192006
21192007
21192008
21192010
21192011
21192012
21192013
21192014
21192015
21192017
21192018
21192019
21192022
21192026
21193001
21193006
21193007
21193009
21193010
21193011
21193013
21193014
21193018
21193019
21193020
21193021
21193022
21193024
21193026
21193027
21193028
21193031
21193032
21193033
21194002
21194024
21194026
21194027
21203017
21203018
21204001
21204002
21204003
21204006
21204007
21204009
21204010
21204012
21204013
21205003
21205006
21205007
21205008
21205013
21205016
21205020
21205025
21205027
21205028
21205029
21205030
21206001
21206004
21206016
21206017
21206018
21206019
21206020
21206021
21206022
21206023
21206024
21206027
21206028
21206029
21206030
21207002
21207003
21207004
21207005
21207008
21208027
21208028
21208034
21208035
21208036
21208038
21208039
21208040
21208042
21208043
21209001
21209002
21209003
21209004
21209005
21209006
21209009
21209010
21209011
21209012
21209013
21209014
21209015
21209019
21209020
21209025
21209026
21209027
21209030
21209031
21210001
21210003
21210004
21210010
21210011
21210013
21210047
21210048
21210050
21210052
21211001
21211002
21211003
21211004
21211007
21211010
21211011
21211012
21211013
21211014
21211017
21211018
21211019
21211021
21212001
21212002
21212008
21212011
21212012
21212014
21212015
21212021
21212022
21212023
21212024
21212025
21212033
21212035
21213001
21213002
21213005
21213008
21213011
21213013
21217003
21217004
21217005
21217007
21217008
21217009
21217011
21217016
21217018
21217019
21217020
21218001
21218002
21218017
21218021
21218024
21218026
21219001
21219008
21219009
21219010
21219012
21219013
21219014
21219018
21219019
21219020
21219023
21219024
21219026
21219028
21219029
21219030
21219033
21220005
21220010
21220016
21220017
21220026
21220030
21220032
21220034
21220036
21220038
21220039
21220040
21220041
21220042
21220043
21221001
21221002
21221004
21221005
21221006
21221008
21221009
21221012
21221016
21221018
21221022
21221023
21221024
21221026
21221027
21221029
21221030
21222002
21222003
21222004
21222005
21222006
21222008
21222016
21222019
21222022
21222026
21222027
21222029
21222030
21222031
21222033
21223013
21223015
21223016
21223030
21223031
21223032
21223034
21223035
21223036
21223037
21223038
21223039
21223041
21223042
21224002
21224004
21224005
21224008
21224009
21224010
21224012
21224013
21224014
21224016
21224017
21224020
21224022
21224047
21224048
21225001
21225002
21225004
21225007
21225035
21225045
21225046
21225048
21225049
21225050
21226003
21226006
21226008
21226012
21226013
21226014
21227004
21227005
21227007
21227012
21227013
21227017
21227018
21227019
21227020
21227021
21227022
21227024
21227025
21227026
21227029
21227034
21227035
21227036
21228001
21228002
21228005
21228006
21228008
21228009
21228010
21228011
21228012
21228013
21228014
21228015
21228017
21228019
21228021
21228026
21228027
21228028
21228029
21228030
21228031
21229001
21229002
21229004
21229008
21229011
21229012
21229013
21229015
21229016
21229017
21229018
21229019
21229020
21229021
21229023
21229027
21229028
21229041
21229042
21229043
21229048
21229049
21230002
21230007
21230008
21230009
21230011
21230013
21230029
21231004
21231006
21231010
21231011
21231013
21231014
21231015
21231016
21231017
21231020
21231021
21231022
21231023
21231024
21231025
21231026
21231028
21231030
21231031
21231032
21231033
21231034
21232001
21232004
21232007
21232008
21232012
21232013
21232014
21233002
21233003
21233006
21233008
21233009
21233010
21233012
21233013
21233014
21233021
21233022
21233023
21233024
21233025
21233026
21233027
21233028
21233029
21233030
21233031
21233032
21233033
21233034
21233035
21233036
21233037
21233039
21234001
21234002
21234003
21234004
21234005
21234006
21234007
21234009
21234010
21234015
21234016
21234017
21234018
21234019
21234021
21234022
21234023
21234025
21234028
21234030
21234031
21234032
21235001
21235003
21235006
21235008
21235009
21235015
21235017
21235020
21235021
21235022
21235023
21235024
21235025
21235026
21235028
21235029
21235034
21235035
21235037
21235038
21235039
21235040
21235042
21236003
21236004
21236005
21236006
21236007
21236010
21236011
21236012
21236013
21236014
21236017
21236018
21236019
21236020
21236021
21236022
21236023
21236024
21236025
21236026
21236027
21236028
21236029
21236030
21236032
21236033
21236034
21236035
21237001
21237005
21237009
21237010
21237022
21237023
21237034
21237038
21238005
21238008
21238009
21238010
21238013
21238017
21238019
21238020
21238024
21238025
21238026
21238027
21238028
21238029
21238030
21238033
21238037
21238045
21239001
21239002
21239003
21239004
21239010
21239011
21239013
21239014
21239015
21239016
21239017
21239018
21239019
21239023
21239024
21239025
21239026
21239027
21239028
21239030
21239031
21240002
21240004
21240006
21240009
21240010
21241010
21241011
21241013
21241014
21241015
21241017
21241018
21241021
21241022
21241025
21241026
21241028
21241031
21241032
21242001
21242007
21242008
21242009
21242011
21242012
21242014
21242015
21242016
21242017
21242019
21242020
21242021
21242022
21242023
21242024
21242025
21242026
21242027
21242029
21242032
21243002
21243003
21243004
21243005
21243006
21243008
21243010
21243012
21243013
21243014
21243015
21243033
21243034
21243042
21243043
21243044
21243045
21243046
21243047
21243050
21244001
21244002
21244003
21244004
21244006
21244007
21244008
21244010
21244011
21244012
21244013
21244014
21244022
21244025
21244026
21244028
21244029
21244030
21244031
21244032
21244034
21244036
21245001
21245004
21245005
21245006
21245007
21245008
21245009
21245010
